Early	Late	V3	choice
0	0	0	78.3989892578125
0	0	1.69387755102041	78.4073193359375
0	0	3.38775510204082	78.3991943359375
0	0	5.08163265306122	78.3928784179688
0	0	6.77551020408163	78.3989038085938
0	0	8.46938775510204	78.4006201171875
0	0	10.1632653061224	78.3998608398437
0	0	11.8571428571429	78.405166015625
0	0	13.5510204081633	78.4059399414062
0	0	15.2448979591837	78.398583984375
0	0	16.9387755102041	78.3953540039063
0	0	18.6326530612245	78.3968481445312
0	0	20.3265306122449	78.3969360351562
0	0	22.0204081632653	78.407724609375
0	0	23.7142857142857	78.4030224609375
0	0	25.4081632653061	78.3984814453125
0	0	27.1020408163265	78.399189453125
0	0	28.7959183673469	78.4043603515625
0	0	30.4897959183673	78.4015454101562
0	0	32.1836734693878	78.4034814453125
0	0	33.8775510204082	78.3901635742187
0	0	35.5714285714286	78.394208984375
0	0	37.265306122449	78.3961547851563
0	0	38.9591836734694	78.3779541015625
0	0	40.6530612244898	78.4002001953125
0	0	42.3469387755102	78.3934155273438
0	0	44.0408163265306	78.39912109375
0	0	45.734693877551	78.3968188476562
0	0	47.4285714285714	78.4019995117188
0	0	49.1224489795918	78.4078491210937
0	0	50.8163265306122	78.3908325195313
0	0	52.5102040816327	78.3889916992188
0	0	54.2040816326531	78.3898217773438
0	0	55.8979591836735	78.4023657226563
0	0	57.5918367346939	78.3974731445312
0	0	59.2857142857143	78.3808422851563
0	0	60.9795918367347	78.3970190429687
0	0	62.6734693877551	78.406923828125
0	0	64.3673469387755	78.393232421875
0	0	66.0612244897959	78.3949389648437
0	0	67.7551020408163	78.404794921875
0	0	69.4489795918367	78.4038783400331
0	0	71.1428571428571	78.3956254673616
0	0	72.8367346938775	78.3956456040572
0	0	74.530612244898	78.3945539698632
0	0	76.2244897959184	78.402147021757
0	0	77.9183673469388	78.426149564491
0	0	79.6122448979592	78.5201848939661
0	0	81.3061224489796	78.7712914750136
0	0	83	79.3507649255947
0	1.4286	0	72.0002905273438
0	1.4286	1.69387755102041	71.9944702148438
0	1.4286	3.38775510204082	72.0215380859375
0	1.4286	5.08163265306122	72.0039770507812
0	1.4286	6.77551020408163	71.9928881835938
0	1.4286	8.46938775510204	71.99697265625
0	1.4286	10.1632653061224	71.982568359375
0	1.4286	11.8571428571429	72.0016772460937
0	1.4286	13.5510204081633	71.9985424804688
0	1.4286	15.2448979591837	71.9979345703125
0	1.4286	16.9387755102041	71.9922290039063
0	1.4286	18.6326530612245	72.0020678710937
0	1.4286	20.3265306122449	72.0016650390625
0	1.4286	22.0204081632653	71.9945336914062
0	1.4286	23.7142857142857	71.9988671875
0	1.4286	25.4081632653061	72.0243408203125
0	1.4286	27.1020408163265	72.010712890625
0	1.4286	28.7959183673469	71.9917944335938
0	1.4286	30.4897959183673	72.0073315429688
0	1.4286	32.1836734693878	72.0054931640625
0	1.4286	33.8775510204082	72.0173046875
0	1.4286	35.5714285714286	71.9930590820313
0	1.4286	37.265306122449	72.004482421875
0	1.4286	38.9591836734694	72.0028100585938
0	1.4286	40.6530612244898	72.0116748046875
0	1.4286	42.3469387755102	72.0017333984375
0	1.4286	44.0408163265306	71.9882690429688
0	1.4286	45.734693877551	71.9909594726563
0	1.4286	47.4285714285714	72.0100610351563
0	1.4286	49.1224489795918	71.9907421875
0	1.4286	50.8163265306122	72.0032861328125
0	1.4286	52.5102040816327	71.9946337890625
0	1.4286	54.2040816326531	72.0096630859375
0	1.4286	55.8979591836735	72.0025101564339
0	1.4286	57.5918367346939	71.9903443342874
0	1.4286	59.2857142857143	72.011958214511
0	1.4286	60.9795918367347	72.0010853548218
0	1.4286	62.6734693877551	72.0169572196176
0	1.4286	64.3673469387755	71.9986957517446
0	1.4286	66.0612244897959	72.0048311242973
0	1.4286	67.7551020408163	72.0091748182889
0	1.4286	69.4489795918367	72.019881976027
0	1.4286	71.1428571428571	72.0241395569605
0	1.4286	72.8367346938775	72.0605814485315
0	1.4286	74.530612244898	72.1046499180889
0	1.4286	76.2244897959184	72.2040486197162
0	1.4286	77.9183673469388	72.3842607177858
0	1.4286	79.6122448979592	72.6369063039952
0	1.4286	81.3061224489796	72.9931331721236
0	1.4286	83	73.47624578615
0.02168	0	0	78.391494140625
0.02168	0	1.69387755102041	78.3934228515625
0.02168	0	3.38775510204082	78.39517578125
0.02168	0	5.08163265306122	78.3945458984375
0.02168	0	6.77551020408163	78.39853515625
0.02168	0	8.46938775510204	78.4012719726562
0.02168	0	10.1632653061224	78.3920361328125
0.02168	0	11.8571428571429	78.3918920898438
0.02168	0	13.5510204081633	78.3789184570313
0.02168	0	15.2448979591837	78.3960668945313
0.02168	0	16.9387755102041	78.391416015625
0.02168	0	18.6326530612245	78.3875073242187
0.02168	0	20.3265306122449	78.391943359375
0.02168	0	22.0204081632653	78.3958154296875
0.02168	0	23.7142857142857	78.391123046875
0.02168	0	25.4081632653061	78.3996142578125
0.02168	0	27.1020408163265	78.3931201171875
0.02168	0	28.7959183673469	78.3949365234375
0.02168	0	30.4897959183673	78.389521484375
0.02168	0	32.1836734693878	78.3977124023438
0.02168	0	33.8775510204082	78.387177734375
0.02168	0	35.5714285714286	78.3991259765625
0.02168	0	37.265306122449	78.3892065429688
0.02168	0	38.9591836734694	78.3919677734375
0.02168	0	40.6530612244898	78.4056225585938
0.02168	0	42.3469387755102	78.3920458984375
0.02168	0	44.0408163265306	78.396611328125
0.02168	0	45.734693877551	78.3866235351562
0.02168	0	47.4285714285714	78.3928833007813
0.02168	0	49.1224489795918	78.398642578125
0.02168	0	50.8163265306122	78.394306640625
0.02168	0	52.5102040816327	78.3942236328125
0.02168	0	54.2040816326531	78.4050512695313
0.02168	0	55.8979591836735	78.3995654296875
0.02168	0	57.5918367346939	78.3970581054688
0.02168	0	59.2857142857143	78.4023706054687
0.02168	0	60.9795918367347	78.4091040039062
0.02168	0	62.6734693877551	78.39103515625
0.02168	0	64.3673469387755	78.41478515625
0.02168	0	66.0612244897959	78.3964892578125
0.02168	0	67.7551020408163	78.3916333007813
0.02168	0	69.4489795918367	78.393389997418
0.02168	0	71.1428571428571	78.3990748996335
0.02168	0	72.8367346938775	78.4046540561085
0.02168	0	74.530612244898	78.4066075828559
0.02168	0	76.2244897959184	78.4280955498271
0.02168	0	77.9183673469388	78.4676366107226
0.02168	0	79.6122448979592	78.6006406379628
0.02168	0	81.3061224489796	78.9319389595876
0.02168	0	83	79.5435072479623
0.02168	1.4286	0	71.9928759765625
0.02168	1.4286	1.69387755102041	72.005966796875
0.02168	1.4286	3.38775510204082	72.0039501953125
0.02168	1.4286	5.08163265306122	72.009267578125
0.02168	1.4286	6.77551020408163	71.9999560546875
0.02168	1.4286	8.46938775510204	72.0155493164063
0.02168	1.4286	10.1632653061224	72.0057763671875
0.02168	1.4286	11.8571428571429	71.9951513671875
0.02168	1.4286	13.5510204081633	71.9946948242188
0.02168	1.4286	15.2448979591837	72.0026245117188
0.02168	1.4286	16.9387755102041	72.000712890625
0.02168	1.4286	18.6326530612245	71.9956982421875
0.02168	1.4286	20.3265306122449	71.9950659179687
0.02168	1.4286	22.0204081632653	72.0050170898437
0.02168	1.4286	23.7142857142857	72.002470703125
0.02168	1.4286	25.4081632653061	72.0136840820312
0.02168	1.4286	27.1020408163265	72.0079711914063
0.02168	1.4286	28.7959183673469	71.989443359375
0.02168	1.4286	30.4897959183673	71.9962915039062
0.02168	1.4286	32.1836734693878	71.9878662109375
0.02168	1.4286	33.8775510204082	71.9964453125
0.02168	1.4286	35.5714285714286	71.99201171875
0.02168	1.4286	37.265306122449	71.9987548828125
0.02168	1.4286	38.9591836734694	72.00490234375
0.02168	1.4286	40.6530612244898	71.9986962890625
0.02168	1.4286	42.3469387755102	72.0014624023437
0.02168	1.4286	44.0408163265306	72.003701171875
0.02168	1.4286	45.734693877551	72.0030615234375
0.02168	1.4286	47.4285714285714	71.9980200195312
0.02168	1.4286	49.1224489795918	72.0151733398437
0.02168	1.4286	50.8163265306122	72.0027563476562
0.02168	1.4286	52.5102040816327	72.003701171875
0.02168	1.4286	54.2040816326531	72.0050481446545
0.02168	1.4286	55.8979591836735	71.997529296875
0.02168	1.4286	57.5918367346939	72.012266899323
0.02168	1.4286	59.2857142857143	72.0063428799205
0.02168	1.4286	60.9795918367347	71.9978856345685
0.02168	1.4286	62.6734693877551	72.0089476201859
0.02168	1.4286	64.3673469387755	72.0078946736833
0.02168	1.4286	66.0612244897959	71.9964497029572
0.02168	1.4286	67.7551020408163	72.0139298484792
0.02168	1.4286	69.4489795918367	72.0088560042127
0.02168	1.4286	71.1428571428571	72.0316934095569
0.02168	1.4286	72.8367346938775	72.0635462462258
0.02168	1.4286	74.530612244898	72.1301471483756
0.02168	1.4286	76.2244897959184	72.2346778221007
0.02168	1.4286	77.9183673469388	72.410162709954
0.02168	1.4286	79.6122448979592	72.6588750482649
0.02168	1.4286	81.3061224489796	73.0250682529059
0.02168	1.4286	83	73.4988856652163
0.04336	0	0	78.4007202148438
0.04336	0	1.69387755102041	78.3870703125
0.04336	0	3.38775510204082	78.4030151367188
0.04336	0	5.08163265306122	78.4035278320312
0.04336	0	6.77551020408163	78.4062573242187
0.04336	0	8.46938775510204	78.3906494140625
0.04336	0	10.1632653061224	78.3863110351562
0.04336	0	11.8571428571429	78.4018920898438
0.04336	0	13.5510204081633	78.4018359375
0.04336	0	15.2448979591837	78.3962109375
0.04336	0	16.9387755102041	78.4025415039062
0.04336	0	18.6326530612245	78.4024291992187
0.04336	0	20.3265306122449	78.4170678710937
0.04336	0	22.0204081632653	78.3957104492188
0.04336	0	23.7142857142857	78.3957202148437
0.04336	0	25.4081632653061	78.4042797851562
0.04336	0	27.1020408163265	78.3994458007813
0.04336	0	28.7959183673469	78.4129565429688
0.04336	0	30.4897959183673	78.4071801757812
0.04336	0	32.1836734693878	78.3984252929688
0.04336	0	33.8775510204082	78.3896655273437
0.04336	0	35.5714285714286	78.400224609375
0.04336	0	37.265306122449	78.3930444335938
0.04336	0	38.9591836734694	78.399755859375
0.04336	0	40.6530612244898	78.3881103515625
0.04336	0	42.3469387755102	78.3944799804688
0.04336	0	44.0408163265306	78.38951171875
0.04336	0	45.734693877551	78.3947607421875
0.04336	0	47.4285714285714	78.39380859375
0.04336	0	49.1224489795918	78.4060302734375
0.04336	0	50.8163265306122	78.397744140625
0.04336	0	52.5102040816327	78.3921411132812
0.04336	0	54.2040816326531	78.4030200195313
0.04336	0	55.8979591836735	78.390068359375
0.04336	0	57.5918367346939	78.4064501953125
0.04336	0	59.2857142857143	78.4054370117187
0.04336	0	60.9795918367347	78.4002880859375
0.04336	0	62.6734693877551	78.3938330078125
0.04336	0	64.3673469387755	78.3973426951827
0.04336	0	66.0612244897959	78.3986754485397
0.04336	0	67.7551020408163	78.4019615890232
0.04336	0	69.4489795918367	78.3998911301226
0.04336	0	71.1428571428571	78.4060660849427
0.04336	0	72.8367346938775	78.4017719211845
0.04336	0	74.530612244898	78.4325041357947
0.04336	0	76.2244897959184	78.4839007043639
0.04336	0	77.9183673469388	78.6103292641101
0.04336	0	79.6122448979592	78.8508294247992
0.04336	0	81.3061224489796	79.23118207522
0.04336	0	83	79.8182662533519
0.04336	1.4286	0	72.0125463867188
0.04336	1.4286	1.69387755102041	71.9946948242188
0.04336	1.4286	3.38775510204082	71.9941259765625
0.04336	1.4286	5.08163265306122	71.9997265625
0.04336	1.4286	6.77551020408163	72.0027319335938
0.04336	1.4286	8.46938775510204	71.9961108398438
0.04336	1.4286	10.1632653061224	72.0182104492188
0.04336	1.4286	11.8571428571429	72.0145263671875
0.04336	1.4286	13.5510204081633	72.0111694335938
0.04336	1.4286	15.2448979591837	71.9950341796875
0.04336	1.4286	16.9387755102041	72.0034326171875
0.04336	1.4286	18.6326530612245	71.9911157226562
0.04336	1.4286	20.3265306122449	72.0040112304688
0.04336	1.4286	22.0204081632653	72.0089306640625
0.04336	1.4286	23.7142857142857	72.0065942382813
0.04336	1.4286	25.4081632653061	71.9815112304688
0.04336	1.4286	27.1020408163265	72.0080541992188
0.04336	1.4286	28.7959183673469	72.0044018554688
0.04336	1.4286	30.4897959183673	72.0091748046875
0.04336	1.4286	32.1836734693878	72.0023266601562
0.04336	1.4286	33.8775510204082	71.996953125
0.04336	1.4286	35.5714285714286	72.0024682617187
0.04336	1.4286	37.265306122449	71.9953344726563
0.04336	1.4286	38.9591836734694	72.0107275390625
0.04336	1.4286	40.6530612244898	72.0038525390625
0.04336	1.4286	42.3469387755102	72.00955078125
0.04336	1.4286	44.0408163265306	71.988291015625
0.04336	1.4286	45.734693877551	72.000732421875
0.04336	1.4286	47.4285714285714	71.9963916015625
0.04336	1.4286	49.1224489795918	72.010244140625
0.04336	1.4286	50.8163265306122	72.0034106445313
0.04336	1.4286	52.5102040816327	71.9955535155164
0.04336	1.4286	54.2040816326531	72.0081389650424
0.04336	1.4286	55.8979591836735	72.0082626002787
0.04336	1.4286	57.5918367346939	71.9963982377029
0.04336	1.4286	59.2857142857143	72.0106869696368
0.04336	1.4286	60.9795918367347	72.0024567787077
0.04336	1.4286	62.6734693877551	71.9930322424324
0.04336	1.4286	64.3673469387755	72.0032803915295
0.04336	1.4286	66.0612244897959	72.0124744293615
0.04336	1.4286	67.7551020408163	72.0234520251994
0.04336	1.4286	69.4489795918367	72.0390487945721
0.04336	1.4286	71.1428571428571	72.0642778253694
0.04336	1.4286	72.8367346938775	72.09779986349
0.04336	1.4286	74.530612244898	72.2015402350937
0.04336	1.4286	76.2244897959184	72.3229205538534
0.04336	1.4286	77.9183673469388	72.5002697965572
0.04336	1.4286	79.6122448979592	72.778239166398
0.04336	1.4286	81.3061224489796	73.1191933873828
0.04336	1.4286	83	73.5450674333875
0.0542168674698795	0	0	78.3898876953125
0.0542168674698795	0	1.69387755102041	78.3990991210938
0.0542168674698795	0	3.38775510204082	78.4000341796875
0.0542168674698795	0	5.08163265306122	78.3966577148437
0.0542168674698795	0	6.77551020408163	78.3903564453125
0.0542168674698795	0	8.46938775510204	78.3838256835938
0.0542168674698795	0	10.1632653061224	78.3926733398437
0.0542168674698795	0	11.8571428571429	78.3937060546875
0.0542168674698795	0	13.5510204081633	78.4070971679688
0.0542168674698795	0	15.2448979591837	78.3913500976563
0.0542168674698795	0	16.9387755102041	78.4021118164062
0.0542168674698795	0	18.6326530612245	78.3954052734375
0.0542168674698795	0	20.3265306122449	78.4022436523437
0.0542168674698795	0	22.0204081632653	78.4037866210938
0.0542168674698795	0	23.7142857142857	78.4000341796875
0.0542168674698795	0	25.4081632653061	78.3890185546875
0.0542168674698795	0	27.1020408163265	78.3974584960937
0.0542168674698795	0	28.7959183673469	78.3875927734375
0.0542168674698795	0	30.4897959183673	78.3955029296875
0.0542168674698795	0	32.1836734693878	78.3942309570312
0.0542168674698795	0	33.8775510204082	78.4028271484375
0.0542168674698795	0	35.5714285714286	78.411650390625
0.0542168674698795	0	37.265306122449	78.3971850585937
0.0542168674698795	0	38.9591836734694	78.402822265625
0.0542168674698795	0	40.6530612244898	78.4060815429687
0.0542168674698795	0	42.3469387755102	78.3934350585938
0.0542168674698795	0	44.0408163265306	78.409208984375
0.0542168674698795	0	45.734693877551	78.3851416015625
0.0542168674698795	0	47.4285714285714	78.3944970703125
0.0542168674698795	0	49.1224489795918	78.3972924804687
0.0542168674698795	0	50.8163265306122	78.3912670898437
0.0542168674698795	0	52.5102040816327	78.3991381835937
0.0542168674698795	0	54.2040816326531	78.408994140625
0.0542168674698795	0	55.8979591836735	78.40193359375
0.0542168674698795	0	57.5918367346939	78.4021435546875
0.0542168674698795	0	59.2857142857143	78.4003393554687
0.0542168674698795	0	60.9795918367347	78.3929261910609
0.0542168674698795	0	62.6734693877551	78.3959584177714
0.0542168674698795	0	64.3673469387755	78.3947817350963
0.0542168674698795	0	66.0612244897959	78.4050863727404
0.0542168674698795	0	67.7551020408163	78.3980642435188
0.0542168674698795	0	69.4489795918367	78.3923085718893
0.0542168674698795	0	71.1428571428571	78.407965478082
0.0542168674698795	0	72.8367346938775	78.4120988090734
0.0542168674698795	0	74.530612244898	78.4622984406166
0.0542168674698795	0	76.2244897959184	78.5573746473442
0.0542168674698795	0	77.9183673469388	78.7069832183109
0.0542168674698795	0	79.6122448979592	78.9677432051096
0.0542168674698795	0	81.3061224489796	79.3738623622672
0.0542168674698795	0	83	79.9039420571349
0.0542168674698795	1.4286	0	72.0001538085938
0.0542168674698795	1.4286	1.69387755102041	72.0045971679688
0.0542168674698795	1.4286	3.38775510204082	72.0080883789063
0.0542168674698795	1.4286	5.08163265306122	71.9998046875
0.0542168674698795	1.4286	6.77551020408163	71.995966796875
0.0542168674698795	1.4286	8.46938775510204	72.0056494140625
0.0542168674698795	1.4286	10.1632653061224	72.0021655273437
0.0542168674698795	1.4286	11.8571428571429	72.0114794921875
0.0542168674698795	1.4286	13.5510204081633	72.0019799804687
0.0542168674698795	1.4286	15.2448979591837	72.009951171875
0.0542168674698795	1.4286	16.9387755102041	72.0064477539063
0.0542168674698795	1.4286	18.6326530612245	71.9971508789063
0.0542168674698795	1.4286	20.3265306122449	72.0042944335938
0.0542168674698795	1.4286	22.0204081632653	72.0044116210938
0.0542168674698795	1.4286	23.7142857142857	72.0034838867187
0.0542168674698795	1.4286	25.4081632653061	72.0041015625
0.0542168674698795	1.4286	27.1020408163265	72.0116967773437
0.0542168674698795	1.4286	28.7959183673469	72.0086987304688
0.0542168674698795	1.4286	30.4897959183673	72.013125
0.0542168674698795	1.4286	32.1836734693878	72.0021264648438
0.0542168674698795	1.4286	33.8775510204082	72.0039721679687
0.0542168674698795	1.4286	35.5714285714286	71.9967016601562
0.0542168674698795	1.4286	37.265306122449	72.0087280273438
0.0542168674698795	1.4286	38.9591836734694	72.001279296875
0.0542168674698795	1.4286	40.6530612244898	71.9936669921875
0.0542168674698795	1.4286	42.3469387755102	72.0033715820312
0.0542168674698795	1.4286	44.0408163265306	72.0039013671875
0.0542168674698795	1.4286	45.734693877551	72.0115258789062
0.0542168674698795	1.4286	47.4285714285714	71.9983904296482
0.0542168674698795	1.4286	49.1224489795918	71.9952221679687
0.0542168674698795	1.4286	50.8163265306122	72.0057543945313
0.0542168674698795	1.4286	52.5102040816327	71.9850499016138
0.0542168674698795	1.4286	54.2040816326531	72.0094277355258
0.0542168674698795	1.4286	55.8979591836735	72.0096227618939
0.0542168674698795	1.4286	57.5918367346939	71.9984335891609
0.0542168674698795	1.4286	59.2857142857143	71.9977541761354
0.0542168674698795	1.4286	60.9795918367347	71.9888858397366
0.0542168674698795	1.4286	62.6734693877551	72.0047752142812
0.0542168674698795	1.4286	64.3673469387755	72.0100707955062
0.0542168674698795	1.4286	66.0612244897959	72.0183240690039
0.0542168674698795	1.4286	67.7551020408163	72.01848397754
0.0542168674698795	1.4286	69.4489795918367	72.0494275642399
0.0542168674698795	1.4286	71.1428571428571	72.0793345295208
0.0542168674698795	1.4286	72.8367346938775	72.1298829709487
0.0542168674698795	1.4286	74.530612244898	72.2303259446371
0.0542168674698795	1.4286	76.2244897959184	72.3732404111856
0.0542168674698795	1.4286	77.9183673469388	72.5844058733962
0.0542168674698795	1.4286	79.6122448979592	72.8622631513435
0.0542168674698795	1.4286	81.3061224489796	73.1523740408326
0.0542168674698795	1.4286	83	73.5573650324094
0.06504	0	0	78.393115234375
0.06504	0	1.69387755102041	78.4028564453125
0.06504	0	3.38775510204082	78.4011474609375
0.06504	0	5.08163265306122	78.4060278320313
0.06504	0	6.77551020408163	78.3892651367187
0.06504	0	8.46938775510204	78.4109423828125
0.06504	0	10.1632653061224	78.3935620117187
0.06504	0	11.8571428571429	78.3931762695313
0.06504	0	13.5510204081633	78.39578125
0.06504	0	15.2448979591837	78.38703125
0.06504	0	16.9387755102041	78.3977905273438
0.06504	0	18.6326530612245	78.4060473632812
0.06504	0	20.3265306122449	78.4045971679687
0.06504	0	22.0204081632653	78.3994873046875
0.06504	0	23.7142857142857	78.4038134765625
0.06504	0	25.4081632653061	78.3973364257813
0.06504	0	27.1020408163265	78.3992065429688
0.06504	0	28.7959183673469	78.3980859375
0.06504	0	30.4897959183673	78.3982861328125
0.06504	0	32.1836734693878	78.395126953125
0.06504	0	33.8775510204082	78.4018994140625
0.06504	0	35.5714285714286	78.3968212890625
0.06504	0	37.265306122449	78.3897290039063
0.06504	0	38.9591836734694	78.3941821289063
0.06504	0	40.6530612244898	78.4049047851562
0.06504	0	42.3469387755102	78.4014794921875
0.06504	0	44.0408163265306	78.3965454101563
0.06504	0	45.734693877551	78.386181640625
0.06504	0	47.4285714285714	78.4095263671875
0.06504	0	49.1224489795918	78.3985717773437
0.06504	0	50.8163265306122	78.389892578125
0.06504	0	52.5102040816327	78.3967919921875
0.06504	0	54.2040816326531	78.3966552734375
0.06504	0	55.8979591836735	78.39744140625
0.06504	0	57.5918367346939	78.395390625
0.06504	0	59.2857142857143	78.396552734375
0.06504	0	60.9795918367347	78.3976527537916
0.06504	0	62.6734693877551	78.4073460231575
0.06504	0	64.3673469387755	78.3993295462635
0.06504	0	66.0612244897959	78.3997817708224
0.06504	0	67.7551020408163	78.3979944769443
0.06504	0	69.4489795918367	78.3915082178281
0.06504	0	71.1428571428571	78.4223339940562
0.06504	0	72.8367346938775	78.4496964565531
0.06504	0	74.530612244898	78.5112696864406
0.06504	0	76.2244897959184	78.6374690137869
0.06504	0	77.9183673469388	78.8320543009119
0.06504	0	79.6122448979592	79.1016632888164
0.06504	0	81.3061224489796	79.4888447444533
0.06504	0	83	79.9429863883797
0.06504	1.4286	0	71.9868969726563
0.06504	1.4286	1.69387755102041	71.9981469726563
0.06504	1.4286	3.38775510204082	72.0078540039062
0.06504	1.4286	5.08163265306122	72.0010400390625
0.06504	1.4286	6.77551020408163	72.009033203125
0.06504	1.4286	8.46938775510204	71.9998461914063
0.06504	1.4286	10.1632653061224	71.998251953125
0.06504	1.4286	11.8571428571429	71.9938598632812
0.06504	1.4286	13.5510204081633	72.00201171875
0.06504	1.4286	15.2448979591837	71.996005859375
0.06504	1.4286	16.9387755102041	71.9976904296875
0.06504	1.4286	18.6326530612245	71.9930078125
0.06504	1.4286	20.3265306122449	72.0085034179688
0.06504	1.4286	22.0204081632653	71.9913842773438
0.06504	1.4286	23.7142857142857	72.0073852539062
0.06504	1.4286	25.4081632653061	72.0027734375
0.06504	1.4286	27.1020408163265	71.99869140625
0.06504	1.4286	28.7959183673469	72.000859375
0.06504	1.4286	30.4897959183673	72.0019360351563
0.06504	1.4286	32.1836734693878	71.99263671875
0.06504	1.4286	33.8775510204082	72.0166455078125
0.06504	1.4286	35.5714285714286	72.0000610351562
0.06504	1.4286	37.265306122449	71.9906884765625
0.06504	1.4286	38.9591836734694	71.994375
0.06504	1.4286	40.6530612244898	71.9972924804687
0.06504	1.4286	42.3469387755102	71.9942016601562
0.06504	1.4286	44.0408163265306	71.9886328125
0.06504	1.4286	45.734693877551	71.9947265625
0.06504	1.4286	47.4285714285714	72.0130712890625
0.06504	1.4286	49.1224489795918	72.0172021484375
0.06504	1.4286	50.8163265306122	72.0010836915121
0.06504	1.4286	52.5102040816327	72.0021854493788
0.06504	1.4286	54.2040816326531	72.000148535236
0.06504	1.4286	55.8979591836735	72.008083416791
0.06504	1.4286	57.5918367346939	71.999771775583
0.06504	1.4286	59.2857142857143	72.0144844600559
0.06504	1.4286	60.9795918367347	71.9992795382013
0.06504	1.4286	62.6734693877551	72.019614044612
0.06504	1.4286	64.3673469387755	72.002979084972
0.06504	1.4286	66.0612244897959	72.0210952655086
0.06504	1.4286	67.7551020408163	72.0329077980572
0.06504	1.4286	69.4489795918367	72.0615245174149
0.06504	1.4286	71.1428571428571	72.0852765481029
0.06504	1.4286	72.8367346938775	72.1701260468581
0.06504	1.4286	74.530612244898	72.2874025823901
0.06504	1.4286	76.2244897959184	72.4464102885729
0.06504	1.4286	77.9183673469388	72.6366845623119
0.06504	1.4286	79.6122448979592	72.8782229528276
0.06504	1.4286	81.3061224489796	73.2104784898044
0.06504	1.4286	83	73.5742300369043
0.08672	0	0	78.39986328125
0.08672	0	1.69387755102041	78.386689453125
0.08672	0	3.38775510204082	78.3962109375
0.08672	0	5.08163265306122	78.3877807617187
0.08672	0	6.77551020408163	78.4009497070312
0.08672	0	8.46938775510204	78.386015625
0.08672	0	10.1632653061224	78.3877685546875
0.08672	0	11.8571428571429	78.386630859375
0.08672	0	13.5510204081633	78.3884741210938
0.08672	0	15.2448979591837	78.3931079101562
0.08672	0	16.9387755102041	78.4016259765625
0.08672	0	18.6326530612245	78.3910278320313
0.08672	0	20.3265306122449	78.3941259765625
0.08672	0	22.0204081632653	78.4022705078125
0.08672	0	23.7142857142857	78.3917724609375
0.08672	0	25.4081632653061	78.3943237304688
0.08672	0	27.1020408163265	78.4051513671875
0.08672	0	28.7959183673469	78.39412109375
0.08672	0	30.4897959183673	78.4161181640625
0.08672	0	32.1836734693878	78.3983081054688
0.08672	0	33.8775510204082	78.4029272460938
0.08672	0	35.5714285714286	78.3938500976562
0.08672	0	37.265306122449	78.3894995117188
0.08672	0	38.9591836734694	78.4028491210937
0.08672	0	40.6530612244898	78.3979711914063
0.08672	0	42.3469387755102	78.40939453125
0.08672	0	44.0408163265306	78.3921899414063
0.08672	0	45.734693877551	78.3947241210937
0.08672	0	47.4285714285714	78.3919384765625
0.08672	0	49.1224489795918	78.394287109375
0.08672	0	50.8163265306122	78.40328125
0.08672	0	52.5102040816327	78.4005078125
0.08672	0	54.2040816326531	78.3976391601562
0.08672	0	55.8979591836735	78.4017108984793
0.08672	0	57.5918367346939	78.3924387686083
0.08672	0	59.2857142857143	78.3946410071207
0.08672	0	60.9795918367347	78.3953648870211
0.08672	0	62.6734693877551	78.4024504455481
0.08672	0	64.3673469387755	78.3943561811641
0.08672	0	66.0612244897959	78.4009202718022
0.08672	0	67.7551020408163	78.4101287456995
0.08672	0	69.4489795918367	78.4464552588381
0.08672	0	71.1428571428571	78.4849271339143
0.08672	0	72.8367346938775	78.5512292431641
0.08672	0	74.530612244898	78.6515195147009
0.08672	0	76.2244897959184	78.8065583863536
0.08672	0	77.9183673469388	79.0162971654893
0.08672	0	79.6122448979592	79.2704433982945
0.08672	0	81.3061224489796	79.5876894133273
0.08672	0	83	79.9474388580282
0.08672	1.4286	0	72.0153955078125
0.08672	1.4286	1.69387755102041	72.0104174804687
0.08672	1.4286	3.38775510204082	72.0123413085937
0.08672	1.4286	5.08163265306122	71.9876416015625
0.08672	1.4286	6.77551020408163	72.0197119140625
0.08672	1.4286	8.46938775510204	72.0046948242187
0.08672	1.4286	10.1632653061224	71.99703125
0.08672	1.4286	11.8571428571429	72.0053735351563
0.08672	1.4286	13.5510204081633	71.99431640625
0.08672	1.4286	15.2448979591837	71.9963208007812
0.08672	1.4286	16.9387755102041	72.0029272460937
0.08672	1.4286	18.6326530612245	71.997373046875
0.08672	1.4286	20.3265306122449	72.001279296875
0.08672	1.4286	22.0204081632653	71.9944506835937
0.08672	1.4286	23.7142857142857	72.0231396484375
0.08672	1.4286	25.4081632653061	71.9956787109375
0.08672	1.4286	27.1020408163265	72.0005493164062
0.08672	1.4286	28.7959183673469	72.0062915039063
0.08672	1.4286	30.4897959183673	71.9966528320312
0.08672	1.4286	32.1836734693878	72.0030346679688
0.08672	1.4286	33.8775510204082	72.000869140625
0.08672	1.4286	35.5714285714286	72.0014135742187
0.08672	1.4286	37.265306122449	72.0153540039063
0.08672	1.4286	38.9591836734694	72.009052734375
0.08672	1.4286	40.6530612244898	72.0094384765625
0.08672	1.4286	42.3469387755102	72.0052905273438
0.08672	1.4286	44.0408163265306	71.9959130859375
0.08672	1.4286	45.734693877551	71.99873046875
0.08672	1.4286	47.4285714285714	72.0123046875
0.08672	1.4286	49.1224489795918	72.001240234375
0.08672	1.4286	50.8163265306122	72.0021154301523
0.08672	1.4286	52.5102040816327	72.007157236173
0.08672	1.4286	54.2040816326531	72.0131810088414
0.08672	1.4286	55.8979591836735	71.9859925726963
0.08672	1.4286	57.5918367346939	71.9980170068156
0.08672	1.4286	59.2857142857143	72.0156332723749
0.08672	1.4286	60.9795918367347	72.0112104685092
0.08672	1.4286	62.6734693877551	72.0101670512436
0.08672	1.4286	64.3673469387755	72.0192554908075
0.08672	1.4286	66.0612244897959	72.0332539315984
0.08672	1.4286	67.7551020408163	72.0704503650282
0.08672	1.4286	69.4489795918367	72.1107094349831
0.08672	1.4286	71.1428571428571	72.1684459708718
0.08672	1.4286	72.8367346938775	72.2715920887853
0.08672	1.4286	74.530612244898	72.4004496122598
0.08672	1.4286	76.2244897959184	72.5664143636991
0.08672	1.4286	77.9183673469388	72.745449374211
0.08672	1.4286	79.6122448979592	72.9823237238837
0.08672	1.4286	81.3061224489796	73.250291507475
0.08672	1.4286	83	73.5521376794851
0.1084	0	0	78.39666015625
0.1084	0	1.69387755102041	78.4061474609375
0.1084	0	3.38775510204082	78.399423828125
0.1084	0	5.08163265306122	78.3887255859375
0.1084	0	6.77551020408163	78.3864672851563
0.1084	0	8.46938775510204	78.3941870117187
0.1084	0	10.1632653061224	78.3996313476562
0.1084	0	11.8571428571429	78.38462890625
0.1084	0	13.5510204081633	78.392421875
0.1084	0	15.2448979591837	78.4009326171875
0.1084	0	16.9387755102041	78.410888671875
0.1084	0	18.6326530612245	78.3848706054687
0.1084	0	20.3265306122449	78.41029296875
0.1084	0	22.0204081632653	78.3958618164063
0.1084	0	23.7142857142857	78.3940869140625
0.1084	0	25.4081632653061	78.3984765625
0.1084	0	27.1020408163265	78.3875610351563
0.1084	0	28.7959183673469	78.4009985351562
0.1084	0	30.4897959183673	78.398076171875
0.1084	0	32.1836734693878	78.3946142578125
0.1084	0	33.8775510204082	78.3987670898437
0.1084	0	35.5714285714286	78.392158203125
0.1084	0	37.265306122449	78.396455078125
0.1084	0	38.9591836734694	78.3981689453125
0.1084	0	40.6530612244898	78.386865234375
0.1084	0	42.3469387755102	78.4007055664062
0.1084	0	44.0408163265306	78.3971069335937
0.1084	0	45.734693877551	78.39423828125
0.1084	0	47.4285714285714	78.3910595703125
0.1084	0	49.1224489795918	78.3854931640625
0.1084	0	50.8163265306122	78.3837451171875
0.1084	0	52.5102040816327	78.3948095703125
0.1084	0	54.2040816326531	78.3985389252105
0.1084	0	55.8979591836735	78.392613263216
0.1084	0	57.5918367346939	78.4042606824987
0.1084	0	59.2857142857143	78.3999636314975
0.1084	0	60.9795918367347	78.4014699939277
0.1084	0	62.6734693877551	78.3872475323069
0.1084	0	64.3673469387755	78.417618280368
0.1084	0	66.0612244897959	78.4203741888541
0.1084	0	67.7551020408163	78.4480501737683
0.1084	0	69.4489795918367	78.4980576914692
0.1084	0	71.1428571428571	78.5681876856152
0.1084	0	72.8367346938775	78.6589362577778
0.1084	0	74.530612244898	78.792432417081
0.1084	0	76.2244897959184	78.9479469515814
0.1084	0	77.9183673469388	79.1414369508355
0.1084	0	79.6122448979592	79.3682946568529
0.1084	0	81.3061224489796	79.6088147236622
0.1084	0	83	79.8811567195175
0.1084	1.4286	0	72.0226831054688
0.1084	1.4286	1.69387755102041	72.0085693359375
0.1084	1.4286	3.38775510204082	72.0101049804688
0.1084	1.4286	5.08163265306122	71.9929296875
0.1084	1.4286	6.77551020408163	72.0001489257813
0.1084	1.4286	8.46938775510204	71.9979028320312
0.1084	1.4286	10.1632653061224	71.9972241210938
0.1084	1.4286	11.8571428571429	72.0046118164062
0.1084	1.4286	13.5510204081633	71.9984399414063
0.1084	1.4286	15.2448979591837	71.9993676757813
0.1084	1.4286	16.9387755102041	72.0013940429687
0.1084	1.4286	18.6326530612245	72.0159228515625
0.1084	1.4286	20.3265306122449	71.9938330078125
0.1084	1.4286	22.0204081632653	71.997607421875
0.1084	1.4286	23.7142857142857	72.0010791015625
0.1084	1.4286	25.4081632653061	72.0091748046875
0.1084	1.4286	27.1020408163265	71.9990551757813
0.1084	1.4286	28.7959183673469	72.0093969726563
0.1084	1.4286	30.4897959183673	71.9954516601562
0.1084	1.4286	32.1836734693878	72.0092016601562
0.1084	1.4286	33.8775510204082	72.0110180664062
0.1084	1.4286	35.5714285714286	72.0075341796875
0.1084	1.4286	37.265306122449	71.9994458007813
0.1084	1.4286	38.9591836734694	71.9985131835938
0.1084	1.4286	40.6530612244898	72.0010400390625
0.1084	1.4286	42.3469387755102	72.0026342773438
0.1084	1.4286	44.0408163265306	71.9968408203125
0.1084	1.4286	45.734693877551	72.0065935548485
0.1084	1.4286	47.4285714285714	72.0051255861878
0.1084	1.4286	49.1224489795918	72.0000766601937
0.1084	1.4286	50.8163265306122	72.0124719005771
0.1084	1.4286	52.5102040816327	72.000699809591
0.1084	1.4286	54.2040816326531	72.0047773636617
0.1084	1.4286	55.8979591836735	72.0061552209507
0.1084	1.4286	57.5918367346939	71.9978203939676
0.1084	1.4286	59.2857142857143	71.9979953983949
0.1084	1.4286	60.9795918367347	72.0053407840109
0.1084	1.4286	62.6734693877551	72.0206203364218
0.1084	1.4286	64.3673469387755	72.0328712300368
0.1084	1.4286	66.0612244897959	72.0786195755932
0.1084	1.4286	67.7551020408163	72.1123152461173
0.1084	1.4286	69.4489795918367	72.1736542377746
0.1084	1.4286	71.1428571428571	72.2631529519459
0.1084	1.4286	72.8367346938775	72.3650036004124
0.1084	1.4286	74.530612244898	72.4729118554346
0.1084	1.4286	76.2244897959184	72.637356782317
0.1084	1.4286	77.9183673469388	72.829657140678
0.1084	1.4286	79.6122448979592	73.0337632620239
0.1084	1.4286	81.3061224489796	73.2379837930487
0.1084	1.4286	83	73.5051685280463
