Group	subID	trial	item	itemname	patch	bid	bid_times	certainty	fixation_time	bid_start_time	bid_finish_time	RT
2	22071912	1	27	Wallet	2	10.0	1	40.0	0.502	2.306	29.142	26.835
2	22071912	2	21	Spoon	2	3.0	1	100.0	29.644	31.355	59.023	27.668
2	22071912	3	18	Robotic Vacuum Cleaner	1	90.0	1	100.0	59.525	60.397	73.605	13.208
2	22071912	4	26	Binoculars	2	30.0	1	50.0	74.106	76.550	97.949	21.399
2	22071912	5	4	Umbrella	1	20.0	1	100.0	98.451	101.076	120.875	19.799
2	22071912	6	25	Water Bottle	2	15.0	1	100.0	121.377	123.238	159.334	36.096
2	22071912	7	33	Large Coffee Machine	2	80.0	1	100.0	159.836	160.370	173.655	13.285
2	22071912	8	11	Wired Earphones	1	15.0	1	100.0	174.157	176.400	197.965	21.565
2	22071912	9	17	Drone	1	90.0	1	100.0	198.467	200.432	208.561	8.129
2	22071912	10	3	Hand Soap	1	5.0	1	90.0	209.063	211.670	233.444	21.773
2	22071912	11	22	Travel Pillow	2	30.0	1	100.0	233.945	235.086	250.376	15.290
2	22071912	12	24	Reusable Grocery Shopping Bag	2	25.0	1	100.0	250.878	252.405	291.229	38.824
2	22071912	13	1	Toothpaste	1	5.0	1	100.0	291.731	293.968	305.055	11.088
2	22071912	14	29	Wireless Phone Charger	2	40.0	1	100.0	305.557	308.091	340.098	32.007
2	22071912	15	23	Ruler	2	1.0	1	100.0	340.600	342.904	348.379	5.476
2	22071912	16	10	Speaker	1	30.0	1	90.0	348.881	351.331	373.112	21.781
2	22071912	17	28	Digital Clock	2	30.0	1	90.0	373.613	376.048	403.584	27.536
2	22071912	18	36	Kettle	2	20.0	1	100.0	404.086	405.696	449.796	44.100
2	22071912	19	20	Lighter	2	1.0	1	100.0	450.298	452.721	463.362	10.641
2	22071912	20	14	Frying Pan	1	20.0	1	90.0	463.865	465.886	479.177	13.291
2	22071912	21	12	Small Coffee Machine	1	30.0	1	100.0	479.679	480.789	491.286	10.497
2	22071912	22	8	Bookbag	1	90.0	1	100.0	491.788	494.343	499.346	5.003
2	22071912	23	15	Blender	1	30.0	1	100.0	499.848	502.307	513.322	11.014
2	22071912	24	2	Dry-Erase Marker	1	2.0	1	100.0	513.824	515.621	525.312	9.691
2	22071912	25	31	Water Filter Pitcher	2	10.0	1	100.0	525.814	526.320	533.459	7.139
2	22071912	26	7	Coffee Mug	1	15.0	1	100.0	533.961	536.456	565.638	29.182
2	22071912	27	32	Digital Weight Scale	2	30.0	1	100.0	566.140	567.188	596.578	29.390
2	22071912	28	34	Watch	2	50.0	1	100.0	597.080	599.338	619.809	20.470
2	22071912	29	9	Charging Box (Multi-Plug In)	1	15.0	1	100.0	620.310	621.853	645.118	23.265
2	22071912	30	19	Pen	2	2.0	1	100.0	645.620	646.314	654.627	8.314
2	22071912	31	13	Head Thermometer	1	50.0	1	100.0	655.129	657.532	670.234	12.702
2	22071912	32	16	Health Tracking Watch	1	75.0	1	90.0	670.736	672.312	700.558	28.246
2	22071912	33	30	Essential Oil Diffuser	2	30.0	1	100.0	701.060	702.918	715.142	12.224
2	22071912	34	6	Notebook	1	5.0	1	100.0	715.644	718.563	729.400	10.838
2	22071912	35	5	Candle	1	5.0	1	100.0	729.902	730.512	753.596	23.084
2	22071912	36	35	Underwater Camera	2	60.0	1	100.0	754.099	755.822	772.091	16.269
2	22071912	37	9	Charging Box (Multi-Plug In)	1	15.0	2	100.0	772.593	773.107	780.280	7.173
2	22071912	38	7	Coffee Mug	1	15.0	2	100.0	780.782	781.624	789.040	7.416
2	22071912	39	27	Wallet	2	10.0	2	NaN	789.542	791.898	814.533	22.635
2	22071912	40	34	Watch	2	50.0	2	100.0	815.035	815.550	836.934	21.384
2	22071912	41	31	Water Filter Pitcher	2	10.2	2	100.0	837.436	840.385	851.437	11.051
2	22071912	42	11	Wired Earphones	1	10.7	2	100.0	851.938	853.355	865.340	11.985
2	22071912	43	3	Hand Soap	1	5.1	2	100.0	865.842	866.733	872.975	6.241
2	22071912	44	22	Travel Pillow	2	10.5	2	100.0	873.477	874.698	888.837	14.139
2	22071912	45	21	Spoon	2	1.4	2	100.0	889.338	890.793	895.611	4.818
2	22071912	46	32	Digital Weight Scale	2	21.0	2	100.0	896.114	897.840	901.986	4.147
2	22071912	47	23	Ruler	2	1.9	2	100.0	902.488	903.432	907.332	3.900
2	22071912	48	13	Head Thermometer	1	49.7	2	100.0	907.834	908.502	912.836	4.334
2	22071912	49	20	Lighter	2	1.4	2	100.0	913.338	913.946	917.618	3.672
2	22071912	50	14	Frying Pan	1	19.6	2	99.0	918.120	919.670	923.404	3.735
2	22071912	51	33	Large Coffee Machine	2	61.3	2	100.0	923.906	926.671	930.649	3.978
2	22071912	52	18	Robotic Vacuum Cleaner	1	90.0	2	100.0	931.151	931.660	934.663	3.002
2	22071912	53	29	Wireless Phone Charger	2	41.7	2	100.0	935.165	935.848	942.393	6.545
2	22071912	54	35	Underwater Camera	2	59.8	2	100.0	942.895	943.579	950.419	6.840
2	22071912	55	26	Binoculars	2	60.9	2	100.0	950.921	952.264	960.752	8.487
2	22071912	56	10	Speaker	1	30.5	2	100.0	961.253	961.919	965.763	3.844
2	22071912	57	36	Kettle	2	20.2	2	100.0	966.265	967.796	972.869	5.073
2	22071912	58	17	Drone	1	90.0	2	100.0	973.371	975.248	979.907	4.659
2	22071912	59	4	Umbrella	1	20.9	2	100.0	980.409	982.171	986.483	4.311
2	22071912	60	30	Essential Oil Diffuser	2	30.4	2	100.0	986.984	988.139	992.880	4.740
2	22071912	61	25	Water Bottle	2	15.4	2	100.0	993.381	994.169	997.957	3.788
2	22071912	62	6	Notebook	1	5.8	2	98.0	998.459	999.434	1003.296	3.862
2	22071912	63	2	Dry-Erase Marker	1	1.5	2	100.0	1003.797	1006.746	1011.134	4.388
2	22071912	64	5	Candle	1	5.7	2	100.0	1011.636	1014.397	1023.796	9.399
2	22071912	65	1	Toothpaste	1	5.6	2	100.0	1024.298	1026.718	1031.275	4.558
2	22071912	66	15	Blender	1	30.6	2	100.0	1031.777	1032.880	1038.324	5.444
2	22071912	67	16	Health Tracking Watch	1	50.9	2	100.0	1038.826	1040.551	1047.370	6.819
2	22071912	68	28	Digital Clock	2	20.5	2	99.0	1047.872	1049.173	1054.686	5.512
2	22071912	69	24	Reusable Grocery Shopping Bag	2	20.3	2	100.0	1055.188	1057.786	1062.139	4.353
2	22071912	70	19	Pen	2	3.0	2	100.0	1062.640	1064.077	1067.841	3.765
2	22071912	71	8	Bookbag	1	90.0	2	100.0	1068.343	1069.975	1074.477	4.502
2	22071912	72	12	Small Coffee Machine	1	29.4	2	100.0	1074.978	1075.539	1083.316	7.777
2	22071912	73	16	Health Tracking Watch	1	49.4	3	100.0	1083.818	1086.292	1090.720	4.428
2	22071912	74	31	Water Filter Pitcher	2	19.8	3	99.0	1091.222	1091.882	1095.291	3.409
2	22071912	75	12	Small Coffee Machine	1	31.8	3	100.0	1095.793	1097.159	1100.471	3.312
2	22071912	76	21	Spoon	2	2.4	3	100.0	1100.973	1103.159	1106.838	3.679
2	22071912	77	35	Underwater Camera	2	58.3	3	100.0	1107.339	1109.232	1112.832	3.600
2	22071912	78	33	Large Coffee Machine	2	59.7	3	98.0	1113.333	1115.059	1119.310	4.252
2	22071912	79	27	Wallet	2	10.7	3	100.0	1119.812	1121.033	1125.645	4.613
2	22071912	80	24	Reusable Grocery Shopping Bag	2	20.8	3	98.0	1126.147	1127.788	1132.309	4.521
2	22071912	81	28	Digital Clock	2	19.9	3	100.0	1132.811	1135.360	1139.147	3.788
2	22071912	82	25	Water Bottle	2	15.4	3	100.0	1139.649	1142.619	1147.290	4.671
2	22071912	83	3	Hand Soap	1	5.0	3	100.0	1147.791	1149.064	1153.905	4.841
2	22071912	84	30	Essential Oil Diffuser	2	31.0	3	100.0	1154.407	1156.286	1163.111	6.824
2	22071912	85	13	Head Thermometer	1	51.7	3	100.0	1163.612	1164.999	1169.286	4.287
2	22071912	86	11	Wired Earphones	1	4.6	3	100.0	1169.788	1170.845	1176.402	5.557
2	22071912	87	14	Frying Pan	1	20.9	3	100.0	1176.904	1177.495	1182.762	5.267
2	22071912	88	32	Digital Weight Scale	2	20.5	3	98.0	1183.263	1185.287	1189.277	3.990
2	22071912	89	10	Speaker	1	30.0	3	100.0	1189.779	1191.330	1196.972	5.643
2	22071912	90	22	Travel Pillow	2	20.4	3	100.0	1197.474	1199.721	1204.694	4.973
2	22071912	91	5	Candle	1	6.5	3	97.0	1205.196	1206.683	1210.878	4.195
2	22071912	92	26	Binoculars	2	29.4	3	100.0	1211.379	1212.545	1217.484	4.939
2	22071912	93	20	Lighter	2	1.7	3	NaN	1217.986	1220.393	1222.744	2.351
2	22071912	94	8	Bookbag	1	90.0	3	100.0	1223.245	1224.904	1228.349	3.445
2	22071912	95	36	Kettle	2	20.6	3	100.0	1228.850	1231.591	1236.868	5.277
2	22071912	96	15	Blender	1	21.4	3	100.0	1237.370	1239.191	1244.050	4.859
2	22071912	97	1	Toothpaste	1	5.3	3	100.0	1244.552	1247.448	1250.797	3.349
2	22071912	98	7	Coffee Mug	1	15.5	3	100.0	1251.299	1253.293	1257.636	4.343
2	22071912	99	2	Dry-Erase Marker	1	2.7	3	100.0	1258.138	1258.692	1261.840	3.148
2	22071912	100	18	Robotic Vacuum Cleaner	1	90.0	3	98.0	1262.341	1262.878	1265.736	2.858
2	22071912	101	29	Wireless Phone Charger	2	20.4	3	100.0	1266.237	1267.450	1272.088	4.638
2	22071912	102	9	Charging Box (Multi-Plug In)	1	15.8	3	100.0	1272.590	1273.936	1277.093	3.157
2	22071912	103	17	Drone	1	90.0	3	100.0	1277.595	1279.852	1282.917	3.066
2	22071912	104	4	Umbrella	1	20.5	3	100.0	1283.419	1285.654	1290.292	4.639
2	22071912	105	19	Pen	2	3.3	3	99.0	1290.794	1292.350	1295.797	3.447
2	22071912	106	6	Notebook	1	5.2	3	98.0	1296.299	1298.718	1302.780	4.062
2	22071912	107	34	Watch	2	47.5	3	100.0	1303.282	1305.460	1310.017	4.557
2	22071912	108	23	Ruler	2	2.3	3	100.0	1310.519	1312.504	1318.634	6.130
