Group	subID	trial	item	itemname	patch	bid	bid_times	certainty	fixation_time	bid_start_time	bid_finish_time	RT
1	22071801	1	9	Charging Box (Multi-Plug In)	1	10.3	1	2.0	0.502	1.135	88.762	87.626
1	22071801	2	1	Toothpaste	1	3.2	1	90.0	89.264	91.995	110.960	18.965
1	22071801	3	34	Watch	2	25.2	1	50.0	111.462	114.141	141.420	27.279
1	22071801	4	13	Head Thermometer	1	3.2	1	98.0	141.922	143.559	160.879	17.319
1	22071801	5	8	Bookbag	1	20.2	1	80.0	161.381	163.585	174.407	10.823
1	22071801	6	20	Lighter	2	0.0	1	100.0	174.910	176.362	189.241	12.880
1	22071801	7	26	Binoculars	2	10.3	1	80.0	189.743	192.284	204.561	12.277
1	22071801	8	27	Wallet	2	10.3	1	95.0	205.063	207.976	221.212	13.236
1	22071801	9	19	Pen	2	1.0	1	100.0	221.714	223.584	234.970	11.387
1	22071801	10	7	Coffee Mug	1	0.5	1	99.0	235.472	236.418	251.015	14.597
1	22071801	11	30	Essential Oil Diffuser	2	0.0	1	100.0	251.517	252.108	260.740	8.632
1	22071801	12	3	Hand Soap	1	0.0	1	100.0	261.242	263.020	270.479	7.459
1	22071801	13	5	Candle	1	0.0	1	100.0	270.981	273.799	280.957	7.158
1	22071801	14	25	Water Bottle	2	2.0	1	80.0	281.459	282.051	297.141	15.090
1	22071801	15	23	Ruler	2	0.0	1	100.0	297.643	298.377	305.060	6.684
1	22071801	16	6	Notebook	1	1.1	1	95.0	305.562	306.444	318.240	11.796
1	22071801	17	35	Underwater Camera	2	20.0	1	80.0	318.742	321.587	343.571	21.984
1	22071801	18	32	Digital Weight Scale	2	0.0	1	100.0	344.073	344.777	353.705	8.927
1	22071801	19	22	Travel Pillow	2	0.0	1	100.0	354.207	356.181	364.387	8.206
1	22071801	20	15	Blender	1	10.1	1	80.0	364.889	366.306	382.292	15.986
1	22071801	21	33	Large Coffee Machine	2	50.0	1	89.0	382.794	383.734	400.444	16.710
1	22071801	22	11	Wired Earphones	1	5.0	1	81.0	400.946	403.183	419.260	16.077
1	22071801	23	17	Drone	1	0.0	1	100.0	419.762	420.589	430.763	10.175
1	22071801	24	14	Frying Pan	1	20.0	1	90.0	431.265	432.922	449.197	16.275
1	22071801	25	18	Robotic Vacuum Cleaner	1	0.0	1	100.0	449.698	452.670	462.473	9.803
1	22071801	26	28	Digital Clock	2	10.0	1	97.0	462.975	464.702	477.982	13.280
1	22071801	27	12	Small Coffee Machine	1	0.1	1	99.0	478.484	480.669	498.281	17.612
1	22071801	28	16	Health Tracking Watch	1	10.3	1	50.0	498.783	499.508	513.539	14.031
1	22071801	29	31	Water Filter Pitcher	2	5.5	1	50.0	514.041	517.019	533.600	16.581
1	22071801	30	29	Wireless Phone Charger	2	20.7	1	62.0	534.102	535.310	552.779	17.469
1	22071801	31	2	Dry-Erase Marker	1	0.0	1	100.0	553.281	554.403	561.777	7.375
1	22071801	32	10	Speaker	1	0.0	1	100.0	562.279	564.286	574.616	10.330
1	22071801	33	4	Umbrella	1	10.0	1	100.0	575.118	577.757	593.036	15.279
1	22071801	34	21	Spoon	2	0.0	1	100.0	593.538	594.982	601.781	6.800
1	22071801	35	24	Reusable Grocery Shopping Bag	2	0.0	1	100.0	602.283	604.593	611.462	6.869
1	22071801	36	36	Kettle	2	0.0	1	100.0	611.964	613.127	618.705	5.578
1	22071801	37	22	Travel Pillow	2	0.0	2	100.0	619.207	622.133	630.428	8.294
1	22071801	38	35	Underwater Camera	2	20.0	2	80.0	630.930	632.387	647.854	15.468
1	22071801	39	27	Wallet	2	10.1	2	81.0	648.356	650.564	673.210	22.646
1	22071801	40	1	Toothpaste	1	3.3	2	81.0	673.712	676.623	687.349	10.725
1	22071801	41	19	Pen	2	0.0	2	100.0	687.851	690.782	698.009	7.228
1	22071801	42	9	Charging Box (Multi-Plug In)	1	0.0	2	51.0	698.511	700.100	714.867	14.767
1	22071801	43	23	Ruler	2	0.0	2	100.0	715.369	717.173	727.284	10.111
1	22071801	44	26	Binoculars	2	10.0	2	80.0	727.786	730.344	753.481	23.137
1	22071801	45	34	Watch	2	50.9	2	50.0	753.983	756.635	776.215	19.580
1	22071801	46	18	Robotic Vacuum Cleaner	1	0.0	2	100.0	776.717	779.483	785.005	5.522
1	22071801	47	11	Wired Earphones	1	5.1	2	80.0	785.506	786.520	806.333	19.812
1	22071801	48	17	Drone	1	0.0	2	100.0	806.834	807.853	814.645	6.792
1	22071801	49	25	Water Bottle	2	2.2	2	75.0	815.147	818.081	833.246	15.165
1	22071801	50	8	Bookbag	1	20.0	2	86.0	833.747	834.591	855.270	20.679
1	22071801	51	33	Large Coffee Machine	2	20.5	2	50.0	855.772	858.726	874.936	16.210
1	22071801	52	4	Umbrella	1	20.0	2	85.0	875.438	878.030	893.938	15.908
1	22071801	53	20	Lighter	2	0.0	2	100.0	894.440	895.795	901.133	5.338
1	22071801	54	14	Frying Pan	1	20.1	2	79.0	901.635	904.355	926.716	22.361
1	22071801	55	12	Small Coffee Machine	1	0.0	2	100.0	927.218	929.791	935.833	6.042
1	22071801	56	7	Coffee Mug	1	0.0	2	100.0	936.335	938.825	944.326	5.501
1	22071801	57	28	Digital Clock	2	10.0	2	50.0	944.829	945.792	959.858	14.067
1	22071801	58	3	Hand Soap	1	0.0	2	100.0	960.360	962.629	970.437	7.808
1	22071801	59	2	Dry-Erase Marker	1	0.0	2	100.0	970.939	972.297	977.951	5.654
1	22071801	60	30	Essential Oil Diffuser	2	0.0	2	99.0	978.453	979.724	985.513	5.789
1	22071801	61	10	Speaker	1	0.0	2	100.0	986.015	987.542	997.687	10.145
1	22071801	62	13	Head Thermometer	1	0.0	2	100.0	998.189	1000.881	1007.085	6.203
1	22071801	63	29	Wireless Phone Charger	2	20.1	2	51.0	1007.587	1008.692	1026.932	18.240
1	22071801	64	21	Spoon	2	0.0	2	100.0	1027.433	1029.419	1035.685	6.266
1	22071801	65	15	Blender	1	5.0	2	20.0	1036.187	1037.171	1053.383	16.212
1	22071801	66	16	Health Tracking Watch	1	20.1	2	60.0	1053.885	1055.932	1075.426	19.494
1	22071801	67	31	Water Filter Pitcher	2	0.0	2	100.0	1075.928	1077.370	1089.465	12.095
1	22071801	68	32	Digital Weight Scale	2	0.0	2	100.0	1089.967	1090.770	1097.986	7.216
1	22071801	69	6	Notebook	1	2.0	2	79.0	1098.488	1100.644	1114.230	13.586
1	22071801	70	24	Reusable Grocery Shopping Bag	2	0.3	2	100.0	1114.732	1117.357	1122.464	5.107
1	22071801	71	36	Kettle	2	0.1	2	100.0	1122.966	1125.952	1131.151	5.199
1	22071801	72	5	Candle	1	0.0	2	100.0	1131.653	1133.802	1147.043	13.241
1	22071801	73	4	Umbrella	1	20.1	3	80.0	1147.545	1149.928	1171.242	21.314
1	22071801	74	9	Charging Box (Multi-Plug In)	1	5.2	3	50.0	1171.744	1172.956	1208.371	35.415
1	22071801	75	2	Dry-Erase Marker	1	0.0	3	100.0	1208.873	1210.876	1216.101	5.225
1	22071801	76	15	Blender	1	20.0	3	49.0	1216.603	1219.041	1230.520	11.479
1	22071801	77	3	Hand Soap	1	0.0	3	100.0	1231.022	1231.586	1237.540	5.953
1	22071801	78	29	Wireless Phone Charger	2	10.1	3	50.0	1238.041	1238.833	1250.682	11.848
1	22071801	79	10	Speaker	1	0.0	3	100.0	1251.184	1253.583	1261.042	7.459
1	22071801	80	31	Water Filter Pitcher	2	2.4	3	80.0	1261.544	1264.539	1283.587	19.048
1	22071801	81	27	Wallet	2	10.0	3	90.0	1284.088	1285.096	1302.849	17.753
1	22071801	82	17	Drone	1	1.3	3	100.0	1303.350	1305.472	1311.826	6.354
1	22071801	83	8	Bookbag	1	20.1	3	53.0	1312.328	1314.543	1329.614	15.071
1	22071801	84	19	Pen	2	0.0	3	100.0	1330.116	1333.023	1344.730	11.706
1	22071801	85	24	Reusable Grocery Shopping Bag	2	0.0	3	100.0	1345.232	1347.899	1353.625	5.726
1	22071801	86	21	Spoon	2	0.1	3	100.0	1354.127	1356.626	1362.532	5.906
1	22071801	87	25	Water Bottle	2	2.0	3	50.0	1363.034	1364.624	1381.024	16.400
1	22071801	88	36	Kettle	2	0.0	3	100.0	1381.526	1384.212	1391.256	7.044
1	22071801	89	20	Lighter	2	0.0	3	100.0	1391.758	1393.270	1428.845	35.575
1	22071801	90	16	Health Tracking Watch	1	20.4	3	60.0	1429.347	1431.556	1455.076	23.519
1	22071801	91	35	Underwater Camera	2	20.1	3	50.0	1455.578	1458.356	1474.036	15.681
1	22071801	92	26	Binoculars	2	20.2	3	50.0	1474.538	1475.883	1490.054	14.171
1	22071801	93	12	Small Coffee Machine	1	1.0	3	100.0	1490.556	1491.824	1499.272	7.449
1	22071801	94	28	Digital Clock	2	10.4	3	70.0	1499.774	1502.246	1517.921	15.676
1	22071801	95	6	Notebook	1	2.0	3	40.0	1518.423	1520.026	1529.381	9.356
1	22071801	96	22	Travel Pillow	2	0.0	3	100.0	1529.883	1531.635	1538.084	6.450
1	22071801	97	13	Head Thermometer	1	0.0	3	100.0	1538.586	1539.237	1544.526	5.289
1	22071801	98	1	Toothpaste	1	2.8	3	70.0	1545.028	1546.429	1557.931	11.502
1	22071801	99	30	Essential Oil Diffuser	2	0.0	3	100.0	1558.433	1560.506	1565.967	5.461
1	22071801	100	33	Large Coffee Machine	2	20.2	3	60.0	1566.469	1567.118	1589.069	21.950
1	22071801	101	32	Digital Weight Scale	2	0.0	3	100.0	1589.571	1590.296	1596.215	5.920
1	22071801	102	5	Candle	1	0.0	3	100.0	1596.717	1597.267	1602.911	5.644
1	22071801	103	34	Watch	2	20.1	3	10.0	1603.413	1606.146	1625.634	19.488
1	22071801	104	23	Ruler	2	0.0	3	100.0	1626.135	1627.312	1632.767	5.455
1	22071801	105	18	Robotic Vacuum Cleaner	1	0.0	3	100.0	1633.269	1634.660	1641.424	6.764
1	22071801	106	11	Wired Earphones	1	5.1	3	56.0	1641.926	1643.806	1655.022	11.216
1	22071801	107	7	Coffee Mug	1	0.0	3	100.0	1655.524	1658.077	1663.198	5.121
1	22071801	108	14	Frying Pan	1	20.0	3	90.0	1663.700	1666.614	1677.227	10.612
