Group	subID	trial	item	itemname	patch	bid	bid_times	certainty	fixation_time	bid_start_time	bid_finish_time	RT
2	22110309	1	12	Small Coffee Machine	1	3.0	1	100.0	0.502	1.860	29.857	27.998
2	22110309	2	20	Lighter	2	0.1	1	100.0	30.359	33.123	53.607	20.484
2	22110309	3	33	Large Coffee Machine	2	5.0	1	100.0	54.109	54.697	76.875	22.178
2	22110309	4	26	Binoculars	2	0.0	1	100.0	77.377	78.350	94.843	16.493
2	22110309	5	17	Drone	1	5.0	1	100.0	95.345	96.889	127.132	30.244
2	22110309	6	22	Travel Pillow	2	2.0	1	98.0	127.634	128.156	146.873	18.717
2	22110309	7	11	Wired Earphones	1	1.0	1	100.0	147.374	150.369	173.096	22.727
2	22110309	8	3	Hand Soap	1	0.0	1	100.0	173.597	174.246	180.911	6.664
2	22110309	9	31	Water Filter Pitcher	2	2.0	1	100.0	181.412	182.540	212.944	30.404
2	22110309	10	36	Kettle	2	0.0	1	100.0	213.445	215.030	220.520	5.490
2	22110309	11	25	Water Bottle	2	2.0	1	100.0	221.022	221.907	232.268	10.361
2	22110309	12	8	Bookbag	1	2.0	1	100.0	232.770	234.301	255.942	21.642
2	22110309	13	9	Charging Box (Multi-Plug In)	1	2.0	1	100.0	256.445	258.379	298.946	40.567
2	22110309	14	28	Digital Clock	2	3.0	1	100.0	299.448	300.050	321.152	21.102
2	22110309	15	23	Ruler	2	0.0	1	100.0	321.653	322.391	327.738	5.347
2	22110309	16	16	Health Tracking Watch	1	5.0	1	100.0	328.239	329.891	347.639	17.748
2	22110309	17	30	Essential Oil Diffuser	2	5.0	1	100.0	348.140	350.134	375.343	25.209
2	22110309	18	24	Reusable Grocery Shopping Bag	2	0.0	1	100.0	375.845	376.783	385.430	8.647
2	22110309	19	5	Candle	1	0.0	1	100.0	385.932	388.015	395.403	7.388
2	22110309	20	14	Frying Pan	1	1.0	1	100.0	395.905	398.512	427.596	29.084
2	22110309	21	18	Robotic Vacuum Cleaner	1	3.0	1	100.0	428.098	429.129	446.336	17.208
2	22110309	22	2	Dry-Erase Marker	1	0.0	1	100.0	446.838	447.448	452.574	5.126
2	22110309	23	15	Blender	1	0.0	1	100.0	453.076	455.103	461.969	6.866
2	22110309	24	13	Head Thermometer	1	0.0	1	100.0	462.471	464.954	469.845	4.891
2	22110309	25	29	Wireless Phone Charger	2	2.0	1	100.0	470.346	473.167	484.196	11.029
2	22110309	26	27	Wallet	2	0.0	1	100.0	484.698	486.117	490.813	4.696
2	22110309	27	6	Notebook	1	0.0	1	100.0	491.314	493.930	505.744	11.814
2	22110309	28	21	Spoon	2	0.0	1	100.0	506.246	506.834	513.291	6.457
2	22110309	29	32	Digital Weight Scale	2	2.0	1	100.0	513.793	515.372	533.932	18.560
2	22110309	30	4	Umbrella	1	0.0	1	100.0	534.434	535.452	538.843	3.391
2	22110309	31	7	Coffee Mug	1	0.0	1	100.0	539.346	540.851	545.741	4.890
2	22110309	32	35	Underwater Camera	2	0.0	1	100.0	546.243	547.663	553.159	5.496
2	22110309	33	1	Toothpaste	1	0.0	1	100.0	553.661	554.686	560.196	5.510
2	22110309	34	19	Pen	2	0.0	1	100.0	560.698	561.792	566.125	4.334
2	22110309	35	34	Watch	2	5.0	1	100.0	566.627	568.646	584.378	15.732
2	22110309	36	10	Speaker	1	5.0	1	100.0	584.879	585.759	612.598	26.839
2	22110309	37	23	Ruler	2	0.0	2	100.0	613.099	613.925	619.524	5.599
2	22110309	38	7	Coffee Mug	1	0.0	2	100.0	620.026	620.916	626.920	6.004
2	22110309	39	16	Health Tracking Watch	1	5.0	2	100.0	627.422	628.440	639.745	11.305
2	22110309	40	34	Watch	2	5.0	2	100.0	640.247	641.046	648.632	7.586
2	22110309	41	18	Robotic Vacuum Cleaner	1	3.0	2	100.0	649.134	650.726	661.345	10.619
2	22110309	42	28	Digital Clock	2	2.0	2	100.0	661.847	662.514	676.513	13.999
2	22110309	43	9	Charging Box (Multi-Plug In)	1	0.0	2	100.0	677.015	679.175	684.320	5.145
2	22110309	44	31	Water Filter Pitcher	2	3.1	2	100.0	684.821	687.402	706.061	18.658
2	22110309	45	36	Kettle	2	0.0	2	100.0	706.563	708.926	712.422	3.496
2	22110309	46	8	Bookbag	1	1.0	2	100.0	712.923	715.716	740.485	24.769
2	22110309	47	27	Wallet	2	0.0	2	100.0	740.986	741.631	746.612	4.980
2	22110309	48	22	Travel Pillow	2	2.3	2	100.0	747.113	750.090	760.635	10.545
2	22110309	49	32	Digital Weight Scale	2	4.0	2	100.0	761.137	762.030	774.893	12.862
2	22110309	50	17	Drone	1	5.0	2	100.0	775.394	777.082	795.690	18.608
2	22110309	51	25	Water Bottle	2	0.0	2	100.0	796.192	798.072	801.540	3.468
2	22110309	52	3	Hand Soap	1	0.0	2	100.0	802.041	804.115	808.243	4.128
2	22110309	53	12	Small Coffee Machine	1	2.0	2	100.0	808.744	811.219	822.341	11.122
2	22110309	54	19	Pen	2	0.0	2	100.0	822.843	824.539	828.293	3.755
2	22110309	55	1	Toothpaste	1	0.0	2	100.0	828.795	830.808	835.809	5.001
2	22110309	56	30	Essential Oil Diffuser	2	3.0	2	100.0	836.311	837.024	845.726	8.702
2	22110309	57	24	Reusable Grocery Shopping Bag	2	0.0	2	100.0	846.227	848.382	852.267	3.884
2	22110309	58	11	Wired Earphones	1	1.0	2	100.0	852.768	854.048	865.354	11.306
2	22110309	59	10	Speaker	1	3.2	2	100.0	865.856	867.778	878.621	10.843
2	22110309	60	20	Lighter	2	1.0	2	100.0	879.123	881.752	888.986	7.234
2	22110309	61	2	Dry-Erase Marker	1	0.0	2	100.0	889.488	891.342	896.714	5.371
2	22110309	62	21	Spoon	2	0.0	2	100.0	897.215	899.891	904.047	4.156
2	22110309	63	29	Wireless Phone Charger	2	2.0	2	100.0	904.549	906.154	926.549	20.395
2	22110309	64	5	Candle	1	0.0	2	100.0	927.051	928.263	932.455	4.191
2	22110309	65	14	Frying Pan	1	1.2	2	100.0	932.956	935.832	943.191	7.359
2	22110309	66	15	Blender	1	0.0	2	100.0	943.692	944.506	948.551	4.045
2	22110309	67	13	Head Thermometer	1	0.0	2	100.0	949.052	951.251	955.149	3.899
2	22110309	68	35	Underwater Camera	2	0.0	2	100.0	955.651	958.115	961.038	2.923
2	22110309	69	33	Large Coffee Machine	2	5.1	2	100.0	961.540	963.698	975.280	11.582
2	22110309	70	4	Umbrella	1	0.0	2	100.0	975.782	978.389	981.907	3.518
2	22110309	71	6	Notebook	1	0.0	2	100.0	982.409	983.092	989.502	6.410
2	22110309	72	26	Binoculars	2	0.0	2	100.0	990.004	992.052	1016.269	24.217
2	22110309	73	13	Head Thermometer	1	0.0	3	100.0	1016.771	1017.638	1021.378	3.739
2	22110309	74	2	Dry-Erase Marker	1	0.0	3	100.0	1021.880	1023.241	1026.307	3.066
2	22110309	75	30	Essential Oil Diffuser	2	5.0	3	100.0	1026.809	1027.942	1040.809	12.867
2	22110309	76	7	Coffee Mug	1	0.0	3	100.0	1041.310	1042.316	1046.751	4.435
2	22110309	77	15	Blender	1	0.0	3	100.0	1047.253	1048.400	1051.536	3.136
2	22110309	78	31	Water Filter Pitcher	2	2.2	3	100.0	1052.038	1053.653	1059.022	5.368
2	22110309	79	36	Kettle	2	0.0	3	100.0	1059.524	1060.545	1064.693	4.148
2	22110309	80	28	Digital Clock	2	2.0	3	100.0	1065.195	1067.697	1074.469	6.771
2	22110309	81	1	Toothpaste	1	0.0	3	100.0	1074.970	1076.228	1080.762	4.534
2	22110309	82	34	Watch	2	5.0	3	100.0	1081.264	1083.882	1098.069	14.187
2	22110309	83	26	Binoculars	2	0.0	3	100.0	1098.571	1100.777	1104.735	3.958
2	22110309	84	22	Travel Pillow	2	2.1	3	100.0	1105.237	1105.758	1113.447	7.689
2	22110309	85	29	Wireless Phone Charger	2	1.4	3	100.0	1113.949	1116.156	1127.464	11.309
2	22110309	86	17	Drone	1	4.2	3	100.0	1127.966	1130.791	1141.256	10.465
2	22110309	87	20	Lighter	2	1.1	3	100.0	1141.758	1143.695	1151.818	8.123
2	22110309	88	32	Digital Weight Scale	2	3.3	3	100.0	1152.320	1153.983	1163.412	9.430
2	22110309	89	8	Bookbag	1	0.0	3	100.0	1163.914	1166.249	1169.597	3.349
2	22110309	90	12	Small Coffee Machine	1	0.0	3	100.0	1170.099	1170.673	1173.691	3.019
2	22110309	91	4	Umbrella	1	0.0	3	100.0	1174.193	1176.991	1179.723	2.732
2	22110309	92	27	Wallet	2	0.0	3	100.0	1180.225	1181.013	1184.718	3.705
2	22110309	93	18	Robotic Vacuum Cleaner	1	3.1	3	100.0	1185.220	1185.964	1196.643	10.678
2	22110309	94	25	Water Bottle	2	0.0	3	100.0	1197.144	1199.095	1202.320	3.225
2	22110309	95	19	Pen	2	0.0	3	100.0	1202.822	1203.922	1206.863	2.941
2	22110309	96	16	Health Tracking Watch	1	5.0	3	100.0	1207.365	1208.782	1213.809	5.027
2	22110309	97	10	Speaker	1	2.1	3	100.0	1214.311	1215.253	1221.578	6.325
2	22110309	98	33	Large Coffee Machine	2	5.0	3	100.0	1222.080	1224.457	1231.670	7.212
2	22110309	99	5	Candle	1	0.0	3	100.0	1232.171	1234.059	1237.093	3.034
2	22110309	100	14	Frying Pan	1	1.0	3	100.0	1237.595	1238.430	1244.426	5.996
2	22110309	101	6	Notebook	1	0.0	3	100.0	1244.928	1246.412	1249.489	3.077
2	22110309	102	11	Wired Earphones	1	1.1	3	100.0	1249.990	1251.897	1256.818	4.921
2	22110309	103	35	Underwater Camera	2	0.0	3	100.0	1257.319	1259.765	1263.007	3.242
2	22110309	104	23	Ruler	2	0.0	3	100.0	1263.509	1266.392	1269.228	2.836
2	22110309	105	21	Spoon	2	0.0	3	100.0	1269.730	1272.024	1275.200	3.176
2	22110309	106	3	Hand Soap	1	0.0	3	100.0	1275.702	1277.472	1280.531	3.058
2	22110309	107	9	Charging Box (Multi-Plug In)	1	0.0	3	100.0	1281.032	1282.698	1286.087	3.389
2	22110309	108	24	Reusable Grocery Shopping Bag	2	0.0	3	100.0	1286.588	1287.166	1290.433	3.266
