Group	subID	trial	item	itemname	patch	bid	bid_times	certainty	fixation_time	bid_start_time	bid_finish_time	RT
1	22102409	1	18	Robotic Vacuum Cleaner	1	18.0	1	70.0	0.493	1.085	21.095	20.010
1	22102409	2	8	Bookbag	1	8.0	1	100.0	21.597	22.855	38.623	15.768
1	22102409	3	6	Notebook	1	1.0	1	100.0	39.125	41.789	54.088	12.299
1	22102409	4	4	Umbrella	1	5.0	1	99.0	54.590	56.685	70.942	14.257
1	22102409	5	5	Candle	1	0.5	1	99.0	71.444	72.348	82.733	10.385
1	22102409	6	36	Kettle	2	3.0	1	99.0	83.235	85.795	92.950	7.155
1	22102409	7	22	Travel Pillow	2	0.5	1	100.0	93.452	94.689	102.892	8.204
1	22102409	8	16	Health Tracking Watch	1	7.0	1	99.0	103.394	106.117	116.309	10.192
1	22102409	9	19	Pen	2	0.2	1	100.0	116.811	119.183	125.776	6.593
1	22102409	10	32	Digital Weight Scale	2	2.0	1	100.0	126.277	127.629	135.523	7.894
1	22102409	11	20	Lighter	2	0.5	1	100.0	136.025	136.791	144.242	7.451
1	22102409	12	31	Water Filter Pitcher	2	10.0	1	100.0	144.744	145.386	152.405	7.019
1	22102409	13	17	Drone	1	25.0	1	100.0	152.907	154.986	168.029	13.043
1	22102409	14	12	Small Coffee Machine	1	25.0	1	NaN	168.531	170.657	177.934	7.277
1	22102409	15	34	Watch	2	20.0	1	NaN	178.436	179.171	188.360	9.189
1	22102409	16	3	Hand Soap	1	1.0	1	100.0	188.862	191.732	201.682	9.950
1	22102409	17	27	Wallet	2	1.0	1	100.0	202.183	203.568	209.447	5.879
1	22102409	18	21	Spoon	2	0.1	1	100.0	209.949	210.721	215.163	4.442
1	22102409	19	30	Essential Oil Diffuser	2	5.1	1	100.0	215.665	217.305	222.326	5.021
1	22102409	20	2	Dry-Erase Marker	1	0.2	1	100.0	222.827	225.662	229.615	3.953
1	22102409	21	7	Coffee Mug	1	1.1	1	100.0	230.117	231.992	237.878	5.885
1	22102409	22	28	Digital Clock	2	3.0	1	100.0	238.379	239.118	245.265	6.148
1	22102409	23	33	Large Coffee Machine	2	27.1	1	100.0	245.767	248.341	254.544	6.203
1	22102409	24	13	Head Thermometer	1	3.1	1	100.0	255.045	255.864	263.222	7.357
1	22102409	25	14	Frying Pan	1	5.0	1	100.0	263.724	264.512	274.128	9.616
1	22102409	26	15	Blender	1	25.0	1	100.0	274.630	276.456	293.288	16.832
1	22102409	27	11	Wired Earphones	1	3.9	1	100.0	293.790	296.608	303.457	6.848
1	22102409	28	9	Charging Box (Multi-Plug In)	1	2.6	1	100.0	303.959	306.740	313.621	6.881
1	22102409	29	1	Toothpaste	1	1.0	1	100.0	314.123	316.338	325.069	8.731
1	22102409	30	25	Water Bottle	2	1.4	1	100.0	325.571	326.897	332.351	5.454
1	22102409	31	26	Binoculars	2	4.7	1	90.0	332.853	335.572	342.503	6.931
1	22102409	32	24	Reusable Grocery Shopping Bag	2	0.1	1	100.0	343.005	344.875	352.460	7.586
1	22102409	33	29	Wireless Phone Charger	2	4.7	1	98.0	352.962	355.279	363.922	8.643
1	22102409	34	35	Underwater Camera	2	35.0	1	100.0	364.424	367.000	376.944	9.943
1	22102409	35	10	Speaker	1	25.2	1	100.0	377.445	378.891	386.106	7.215
1	22102409	36	23	Ruler	2	0.6	1	100.0	386.608	387.605	392.476	4.871
1	22102409	37	13	Head Thermometer	1	3.6	2	98.0	392.978	395.070	399.601	4.531
1	22102409	38	36	Kettle	2	1.1	2	100.0	400.103	402.692	407.252	4.559
1	22102409	39	1	Toothpaste	1	1.0	2	NaN	407.753	409.577	412.752	3.175
1	22102409	40	21	Spoon	2	0.1	2	100.0	413.254	414.112	419.624	5.512
1	22102409	41	17	Drone	1	30.0	2	100.0	420.126	421.243	432.921	11.677
1	22102409	42	5	Candle	1	1.0	2	100.0	433.422	434.709	438.678	3.969
1	22102409	43	22	Travel Pillow	2	0.0	2	100.0	439.180	441.691	444.569	2.878
1	22102409	44	34	Watch	2	4.0	2	99.0	445.071	446.736	450.055	3.319
1	22102409	45	20	Lighter	2	0.5	2	100.0	450.557	453.148	459.517	6.369
1	22102409	46	18	Robotic Vacuum Cleaner	1	7.0	2	100.0	460.019	461.184	470.527	9.343
1	22102409	47	33	Large Coffee Machine	2	29.8	2	100.0	471.029	472.603	479.474	6.871
1	22102409	48	2	Dry-Erase Marker	1	0.4	2	NaN	479.976	482.944	486.063	3.119
1	22102409	49	14	Frying Pan	1	4.3	2	98.0	486.565	488.921	492.327	3.406
1	22102409	50	19	Pen	2	0.4	2	90.0	492.828	494.868	499.475	4.607
1	22102409	51	23	Ruler	2	0.8	2	90.0	499.977	501.120	505.436	4.316
1	22102409	52	10	Speaker	1	20.5	2	100.0	505.937	506.477	512.467	5.990
1	22102409	53	12	Small Coffee Machine	1	13.4	2	100.0	512.969	514.689	518.373	3.684
1	22102409	54	28	Digital Clock	2	6.1	2	91.0	518.875	520.794	524.628	3.834
1	22102409	55	3	Hand Soap	1	1.1	2	100.0	525.130	527.663	531.360	3.697
1	22102409	56	35	Underwater Camera	2	32.8	2	94.0	531.862	533.014	537.521	4.508
1	22102409	57	16	Health Tracking Watch	1	9.1	2	88.0	538.023	539.063	541.700	2.636
1	22102409	58	8	Bookbag	1	5.9	2	93.0	542.202	545.200	549.852	4.651
1	22102409	59	27	Wallet	2	1.6	2	90.0	550.354	552.674	555.952	3.278
1	22102409	60	9	Charging Box (Multi-Plug In)	1	3.0	2	88.0	556.453	558.746	565.502	6.756
1	22102409	61	30	Essential Oil Diffuser	2	3.3	2	90.0	566.004	568.995	571.891	2.896
1	22102409	62	11	Wired Earphones	1	1.9	2	94.0	572.393	575.067	578.247	3.180
1	22102409	63	24	Reusable Grocery Shopping Bag	2	0.0	2	100.0	578.749	579.715	583.058	3.344
1	22102409	64	15	Blender	1	18.5	2	98.0	583.560	585.233	591.808	6.575
1	22102409	65	6	Notebook	1	0.9	2	100.0	592.310	594.384	597.585	3.201
1	22102409	66	4	Umbrella	1	4.2	2	98.0	598.087	599.032	602.478	3.446
1	22102409	67	32	Digital Weight Scale	2	2.6	2	96.0	602.979	605.874	609.655	3.781
1	22102409	68	7	Coffee Mug	1	0.6	2	100.0	610.156	611.726	618.380	6.654
1	22102409	69	26	Binoculars	2	1.5	2	100.0	618.883	621.784	624.975	3.191
1	22102409	70	31	Water Filter Pitcher	2	6.1	2	93.0	625.477	625.995	630.443	4.448
1	22102409	71	25	Water Bottle	2	1.0	2	100.0	630.945	633.351	636.089	2.737
1	22102409	72	29	Wireless Phone Charger	2	2.8	2	96.0	636.590	637.320	643.278	5.958
1	22102409	73	2	Dry-Erase Marker	1	0.0	3	100.0	643.779	645.381	649.853	4.471
1	22102409	74	9	Charging Box (Multi-Plug In)	1	1.4	3	100.0	650.354	651.306	656.995	5.689
1	22102409	75	16	Health Tracking Watch	1	0.0	3	100.0	657.497	659.845	664.279	4.434
1	22102409	76	13	Head Thermometer	1	0.0	3	100.0	664.781	667.365	670.417	3.052
1	22102409	77	19	Pen	2	0.0	3	100.0	670.919	673.440	676.324	2.885
1	22102409	78	1	Toothpaste	1	0.0	3	100.0	676.826	679.246	683.074	3.828
1	22102409	79	22	Travel Pillow	2	0.0	3	100.0	683.575	685.433	691.527	6.094
1	22102409	80	31	Water Filter Pitcher	2	5.3	3	100.0	692.028	694.910	698.514	3.604
1	22102409	81	3	Hand Soap	1	1.0	3	100.0	699.016	699.747	715.366	15.620
1	22102409	82	32	Digital Weight Scale	2	4.7	3	100.0	715.868	716.658	720.390	3.732
1	22102409	83	21	Spoon	2	0.0	3	100.0	720.892	721.617	726.355	4.738
1	22102409	84	30	Essential Oil Diffuser	2	4.3	3	100.0	726.857	729.009	732.346	3.338
1	22102409	85	5	Candle	1	0.9	3	100.0	732.848	735.690	738.966	3.276
1	22102409	86	23	Ruler	2	0.4	3	100.0	739.468	740.632	744.040	3.408
1	22102409	87	26	Binoculars	2	3.6	3	100.0	744.542	747.039	751.186	4.148
1	22102409	88	20	Lighter	2	0.2	3	100.0	751.688	752.708	756.961	4.254
1	22102409	89	35	Underwater Camera	2	25.5	3	100.0	757.463	759.324	766.269	6.945
1	22102409	90	27	Wallet	2	0.0	3	100.0	766.771	769.024	772.616	3.591
1	22102409	91	34	Watch	2	1.2	3	100.0	773.118	774.263	777.262	3.000
1	22102409	92	11	Wired Earphones	1	0.0	3	100.0	777.764	779.316	781.846	2.530
1	22102409	93	33	Large Coffee Machine	2	19.5	3	100.0	782.348	785.086	789.887	4.801
1	22102409	94	17	Drone	1	25.2	3	100.0	790.389	791.980	796.908	4.929
1	22102409	95	24	Reusable Grocery Shopping Bag	2	0.0	3	100.0	797.410	799.648	802.559	2.911
1	22102409	96	6	Notebook	1	1.3	3	100.0	803.061	803.611	807.443	3.832
1	22102409	97	18	Robotic Vacuum Cleaner	1	18.4	3	100.0	807.945	810.857	814.035	3.178
1	22102409	98	10	Speaker	1	10.1	3	100.0	814.537	816.866	820.091	3.225
1	22102409	99	7	Coffee Mug	1	1.0	3	100.0	820.593	823.252	826.791	3.539
1	22102409	100	14	Frying Pan	1	4.4	3	100.0	827.292	829.184	832.434	3.250
1	22102409	101	25	Water Bottle	2	0.8	3	100.0	832.935	835.408	838.150	2.741
1	22102409	102	4	Umbrella	1	3.6	3	100.0	838.651	839.642	842.414	2.772
1	22102409	103	12	Small Coffee Machine	1	11.5	3	100.0	842.916	845.000	850.028	5.028
1	22102409	104	15	Blender	1	15.2	3	99.0	850.530	852.769	860.532	7.763
1	22102409	105	8	Bookbag	1	2.8	3	100.0	861.034	861.699	865.033	3.334
1	22102409	106	29	Wireless Phone Charger	2	90.0	3	100.0	865.535	866.662	872.916	6.254
1	22102409	107	36	Kettle	2	3.1	3	100.0	873.418	875.350	883.038	7.688
1	22102409	108	28	Digital Clock	2	8.8	3	100.0	883.540	886.297	889.677	3.381
