Group	subID	trial	item	itemname	patch	bid	bid_times	certainty	fixation_time	bid_start_time	bid_finish_time	RT
2	22102709	1	29	Wireless Phone Charger	2	11.9	1	100.0	0.502	1.677	105.442	103.765
2	22102709	2	22	Travel Pillow	2	10.4	1	0.0	105.944	107.233	154.100	46.867
2	22102709	3	26	Binoculars	2	21.7	1	14.0	154.602	155.585	194.394	38.809
2	22102709	4	6	Notebook	1	3.4	1	5.0	194.895	196.064	244.336	48.273
2	22102709	5	10	Speaker	1	15.7	1	14.0	244.838	247.466	290.580	43.114
2	22102709	6	30	Essential Oil Diffuser	2	15.9	1	11.0	291.082	291.687	345.535	53.848
2	22102709	7	36	Kettle	2	11.2	1	8.0	346.037	347.283	422.339	75.056
2	22102709	8	1	Toothpaste	1	9.4	1	52.0	422.841	425.014	453.812	28.799
2	22102709	9	28	Digital Clock	2	5.5	1	25.0	454.314	456.831	520.232	63.401
2	22102709	10	15	Blender	1	18.1	1	11.0	520.733	521.296	665.344	144.047
2	22102709	11	16	Health Tracking Watch	1	9.4	1	8.0	665.845	668.494	689.862	21.367
2	22102709	12	17	Drone	1	5.1	1	6.0	690.363	691.863	704.910	13.046
2	22102709	13	2	Dry-Erase Marker	1	3.0	1	100.0	705.412	707.210	729.920	22.710
2	22102709	14	23	Ruler	2	2.7	1	62.0	730.422	732.568	760.828	28.260
2	22102709	15	34	Watch	2	16.6	1	46.0	761.330	763.651	789.659	26.008
2	22102709	16	32	Digital Weight Scale	2	20.1	1	39.0	790.161	792.518	809.166	16.648
2	22102709	17	9	Charging Box (Multi-Plug In)	1	11.7	1	32.0	809.668	812.667	850.079	37.412
2	22102709	18	24	Reusable Grocery Shopping Bag	2	2.7	1	13.0	850.581	852.209	904.615	52.406
2	22102709	19	20	Lighter	2	4.2	1	17.0	905.117	907.403	978.550	71.146
2	22102709	20	12	Small Coffee Machine	1	12.6	1	8.0	979.051	982.011	1016.166	34.155
2	22102709	21	11	Wired Earphones	1	12.9	1	42.0	1016.668	1017.220	1057.799	40.579
2	22102709	22	31	Water Filter Pitcher	2	18.3	1	10.0	1058.300	1059.519	1117.030	57.511
2	22102709	23	18	Robotic Vacuum Cleaner	1	25.8	1	44.0	1117.531	1119.272	1148.213	28.942
2	22102709	24	7	Coffee Mug	1	3.8	1	35.0	1148.715	1150.398	1163.307	12.909
2	22102709	25	25	Water Bottle	2	5.8	1	27.0	1163.809	1164.636	1191.353	26.717
2	22102709	26	19	Pen	2	3.5	1	17.0	1191.854	1194.061	1223.345	29.284
2	22102709	27	33	Large Coffee Machine	2	16.5	1	36.0	1223.846	1226.489	1240.533	14.044
2	22102709	28	27	Wallet	2	6.0	1	32.0	1241.034	1242.602	1254.513	11.911
2	22102709	29	14	Frying Pan	1	10.7	1	37.0	1255.014	1256.535	1269.262	12.727
2	22102709	30	5	Candle	1	5.5	1	10.0	1269.764	1270.655	1295.172	24.517
2	22102709	31	35	Underwater Camera	2	15.2	1	48.0	1295.674	1297.182	1312.833	15.650
2	22102709	32	4	Umbrella	1	12.0	1	51.0	1313.334	1314.425	1331.891	17.466
2	22102709	33	21	Spoon	2	3.5	1	17.0	1332.393	1334.992	1349.409	14.417
2	22102709	34	8	Bookbag	1	12.1	1	29.0	1349.910	1352.363	1376.160	23.797
2	22102709	35	3	Hand Soap	1	5.4	1	52.0	1376.662	1378.652	1400.380	21.728
2	22102709	36	13	Head Thermometer	1	7.1	1	28.0	1400.881	1402.619	1412.659	10.040
2	22102709	37	36	Kettle	2	9.0	2	32.0	1413.161	1414.255	1429.474	15.218
2	22102709	38	15	Blender	1	18.7	2	52.0	1429.977	1432.546	1445.417	12.871
2	22102709	39	31	Water Filter Pitcher	2	14.4	2	43.0	1445.919	1446.949	1456.815	9.866
2	22102709	40	28	Digital Clock	2	14.2	2	42.0	1457.316	1459.455	1468.290	8.835
2	22102709	41	25	Water Bottle	2	7.2	2	40.0	1468.792	1470.491	1482.638	12.147
2	22102709	42	5	Candle	1	5.4	2	15.0	1483.140	1484.906	1496.589	11.683
2	22102709	43	11	Wired Earphones	1	9.8	2	31.0	1497.091	1500.010	1552.209	52.199
2	22102709	44	14	Frying Pan	1	15.9	2	59.0	1552.711	1554.833	1568.550	13.716
2	22102709	45	10	Speaker	1	19.8	2	26.0	1569.051	1571.792	1592.195	20.403
2	22102709	46	30	Essential Oil Diffuser	2	16.3	2	42.0	1592.697	1593.704	1605.820	12.116
2	22102709	47	17	Drone	1	5.0	2	5.0	1606.321	1609.237	1620.775	11.538
2	22102709	48	20	Lighter	2	3.3	2	38.0	1621.277	1622.799	1645.159	22.360
2	22102709	49	8	Bookbag	1	16.3	2	7.0	1645.660	1647.550	1660.372	12.822
2	22102709	50	12	Small Coffee Machine	1	14.0	2	49.0	1660.874	1662.419	1675.029	12.610
2	22102709	51	4	Umbrella	1	11.6	2	59.0	1675.531	1677.583	1687.401	9.818
2	22102709	52	32	Digital Weight Scale	2	21.7	2	54.0	1687.903	1690.707	1701.976	11.270
2	22102709	53	35	Underwater Camera	2	21.9	2	8.0	1702.478	1704.488	1725.696	21.208
2	22102709	54	22	Travel Pillow	2	12.6	2	21.0	1726.198	1726.818	1739.711	12.894
2	22102709	55	13	Head Thermometer	1	9.2	2	33.0	1740.213	1741.754	1750.937	9.183
2	22102709	56	9	Charging Box (Multi-Plug In)	1	12.3	2	47.0	1751.438	1752.728	1781.520	28.793
2	22102709	57	26	Binoculars	2	30.7	2	69.0	1782.022	1783.651	1810.261	26.610
2	22102709	58	33	Large Coffee Machine	2	10.8	2	47.0	1810.763	1812.795	1821.679	8.884
2	22102709	59	3	Hand Soap	1	4.2	2	54.0	1822.180	1824.856	1837.016	12.159
2	22102709	60	34	Watch	2	27.2	2	47.0	1837.517	1838.919	1849.091	10.172
2	22102709	61	6	Notebook	1	3.5	2	39.0	1849.593	1850.230	1862.219	11.989
2	22102709	62	18	Robotic Vacuum Cleaner	1	18.2	2	38.0	1862.721	1865.616	1879.092	13.476
2	22102709	63	21	Spoon	2	3.3	2	30.0	1879.594	1880.824	1906.499	25.674
2	22102709	64	19	Pen	2	2.4	2	25.0	1907.000	1908.161	1928.796	20.634
2	22102709	65	16	Health Tracking Watch	1	5.5	2	31.0	1929.297	1930.305	1940.524	10.220
2	22102709	66	29	Wireless Phone Charger	2	13.9	2	33.0	1941.026	1943.303	1958.558	15.255
2	22102709	67	2	Dry-Erase Marker	1	2.3	2	30.0	1959.059	1961.886	1981.834	19.948
2	22102709	68	27	Wallet	2	4.5	2	51.0	1982.336	1984.239	1999.777	15.537
2	22102709	69	23	Ruler	2	3.8	2	66.0	2000.278	2002.304	2011.321	9.017
2	22102709	70	7	Coffee Mug	1	4.9	2	55.0	2011.823	2012.535	2031.484	18.949
2	22102709	71	24	Reusable Grocery Shopping Bag	2	2.2	2	51.0	2031.986	2032.665	2047.012	14.347
2	22102709	72	1	Toothpaste	1	7.9	2	72.0	2047.513	2049.317	2072.596	23.280
2	22102709	73	29	Wireless Phone Charger	2	11.1	3	67.0	2073.098	2076.007	2091.893	15.886
2	22102709	74	10	Speaker	1	14.5	3	44.0	2092.394	2094.690	2110.700	16.010
2	22102709	75	33	Large Coffee Machine	2	24.3	3	11.0	2111.202	2111.944	2131.765	19.821
2	22102709	76	32	Digital Weight Scale	2	17.5	3	61.0	2132.267	2133.406	2152.146	18.740
2	22102709	77	2	Dry-Erase Marker	1	4.1	3	76.0	2152.648	2155.275	2172.117	16.843
2	22102709	78	12	Small Coffee Machine	1	10.7	3	44.0	2172.619	2174.525	2209.124	34.599
2	22102709	79	35	Underwater Camera	2	12.9	3	35.0	2209.625	2211.620	2218.259	6.638
2	22102709	80	19	Pen	2	2.8	3	71.0	2218.761	2220.786	2228.533	7.747
2	22102709	81	8	Bookbag	1	10.4	3	53.0	2229.034	2232.020	2239.037	7.017
2	22102709	82	6	Notebook	1	4.0	3	68.0	2239.539	2241.454	2251.267	9.814
2	22102709	83	5	Candle	1	9.0	3	69.0	2251.769	2254.455	2265.983	11.528
2	22102709	84	13	Head Thermometer	1	12.3	3	59.0	2266.485	2267.828	2281.322	13.494
2	22102709	85	34	Watch	2	16.6	3	61.0	2281.824	2282.685	2290.096	7.411
2	22102709	86	18	Robotic Vacuum Cleaner	1	29.4	3	31.0	2290.597	2291.158	2298.884	7.727
2	22102709	87	16	Health Tracking Watch	1	11.1	3	63.0	2299.386	2301.722	2310.340	8.617
2	22102709	88	7	Coffee Mug	1	7.2	3	44.0	2310.842	2312.576	2333.518	20.942
2	22102709	89	17	Drone	1	7.8	3	41.0	2334.020	2335.040	2345.010	9.970
2	22102709	90	11	Wired Earphones	1	12.5	3	42.0	2345.511	2347.196	2362.413	15.218
2	22102709	91	21	Spoon	2	3.7	3	62.0	2362.915	2365.898	2390.692	24.794
2	22102709	92	30	Essential Oil Diffuser	2	19.2	3	66.0	2391.193	2393.306	2405.579	12.273
2	22102709	93	23	Ruler	2	4.0	3	45.0	2406.081	2407.865	2421.959	14.094
2	22102709	94	28	Digital Clock	2	7.7	3	35.0	2422.460	2423.720	2439.662	15.943
2	22102709	95	14	Frying Pan	1	11.6	3	33.0	2440.164	2440.739	2449.168	8.428
2	22102709	96	9	Charging Box (Multi-Plug In)	1	7.2	3	34.0	2449.669	2451.970	2461.921	9.951
2	22102709	97	4	Umbrella	1	10.6	3	59.0	2462.423	2463.251	2470.132	6.881
2	22102709	98	3	Hand Soap	1	5.0	3	24.0	2470.634	2473.049	2482.186	9.136
2	22102709	99	1	Toothpaste	1	6.6	3	72.0	2482.687	2484.459	2493.985	9.526
2	22102709	100	27	Wallet	2	7.2	3	33.0	2494.487	2496.017	2506.929	10.912
2	22102709	101	26	Binoculars	2	23.8	3	52.0	2507.431	2508.724	2517.606	8.882
2	22102709	102	24	Reusable Grocery Shopping Bag	2	2.3	3	39.0	2518.108	2519.235	2530.736	11.501
2	22102709	103	31	Water Filter Pitcher	2	16.1	3	55.0	2531.238	2532.961	2542.218	9.257
2	22102709	104	20	Lighter	2	4.4	3	33.0	2542.719	2544.916	2553.564	8.648
2	22102709	105	22	Travel Pillow	2	8.9	3	19.0	2554.066	2556.107	2562.397	6.290
2	22102709	106	15	Blender	1	12.1	3	62.0	2562.899	2564.569	2570.446	5.877
2	22102709	107	25	Water Bottle	2	9.1	3	26.0	2570.948	2571.998	2582.568	10.570
2	22102709	108	36	Kettle	2	10.0	3	62.0	2583.069	2584.992	2598.404	13.412
