Group	subID	trial	item	itemname	patch	bid	bid_times	certainty	fixation_time	bid_start_time	bid_finish_time	RT
2	22102702	1	6	Notebook	1	1.0	1	88.0	0.502	1.848	29.462	27.614
2	22102702	2	32	Digital Weight Scale	2	15.4	1	73.0	29.964	31.346	53.845	22.499
2	22102702	3	20	Lighter	2	0.5	1	72.0	54.347	56.270	65.056	8.786
2	22102702	4	18	Robotic Vacuum Cleaner	1	19.0	1	75.0	65.558	68.449	78.854	10.405
2	22102702	5	7	Coffee Mug	1	3.1	1	79.0	79.357	80.787	93.943	13.156
2	22102702	6	16	Health Tracking Watch	1	15.2	1	74.0	94.445	97.303	107.602	10.299
2	22102702	7	8	Bookbag	1	15.5	1	78.0	108.104	110.948	121.928	10.980
2	22102702	8	10	Speaker	1	10.6	1	67.0	122.430	123.650	130.280	6.630
2	22102702	9	1	Toothpaste	1	0.7	1	85.0	130.782	132.486	143.371	10.886
2	22102702	10	13	Head Thermometer	1	5.9	1	65.0	143.873	144.625	156.728	12.102
2	22102702	11	24	Reusable Grocery Shopping Bag	2	4.1	1	74.0	157.230	158.959	165.409	6.450
2	22102702	12	11	Wired Earphones	1	0.9	1	83.0	165.911	167.861	174.565	6.703
2	22102702	13	21	Spoon	2	1.8	1	88.0	175.066	177.465	185.651	8.186
2	22102702	14	19	Pen	2	3.4	1	65.0	186.152	188.854	193.816	4.962
2	22102702	15	23	Ruler	2	0.3	1	84.0	194.318	196.668	202.410	5.742
2	22102702	16	36	Kettle	2	28.0	1	91.0	202.912	204.424	224.043	19.619
2	22102702	17	35	Underwater Camera	2	6.1	1	71.0	224.544	227.075	235.111	8.036
2	22102702	18	22	Travel Pillow	2	4.8	1	65.0	235.613	238.264	243.159	4.894
2	22102702	19	33	Large Coffee Machine	2	33.1	1	70.0	243.661	244.938	271.418	26.480
2	22102702	20	3	Hand Soap	1	3.6	1	59.0	271.920	273.781	278.768	4.987
2	22102702	21	14	Frying Pan	1	10.4	1	55.0	279.270	280.096	287.655	7.559
2	22102702	22	34	Watch	2	15.1	1	41.0	288.157	290.698	299.229	8.530
2	22102702	23	27	Wallet	2	11.1	1	55.0	299.731	301.761	308.960	7.199
2	22102702	24	17	Drone	1	12.6	1	20.0	309.462	310.500	317.712	7.212
2	22102702	25	29	Wireless Phone Charger	2	10.2	1	38.0	318.214	319.999	333.516	13.517
2	22102702	26	12	Small Coffee Machine	1	17.5	1	58.0	334.018	336.722	348.784	12.062
2	22102702	27	2	Dry-Erase Marker	1	1.9	1	32.0	349.286	350.853	356.204	5.351
2	22102702	28	9	Charging Box (Multi-Plug In)	1	7.9	1	70.0	356.706	357.437	367.090	9.653
2	22102702	29	30	Essential Oil Diffuser	2	12.2	1	67.0	367.592	369.335	376.049	6.714
2	22102702	30	25	Water Bottle	2	5.6	1	64.0	376.550	378.994	399.372	20.378
2	22102702	31	5	Candle	1	4.5	1	59.0	399.873	401.919	407.009	5.089
2	22102702	32	28	Digital Clock	2	4.7	1	51.0	407.510	408.213	414.670	6.458
2	22102702	33	15	Blender	1	6.1	1	57.0	415.172	416.492	424.750	8.258
2	22102702	34	31	Water Filter Pitcher	2	19.9	1	76.0	425.251	427.697	446.613	18.916
2	22102702	35	4	Umbrella	1	7.1	1	18.0	447.115	448.808	454.450	5.642
2	22102702	36	26	Binoculars	2	14.8	1	43.0	454.952	457.122	465.705	8.583
2	22102702	37	14	Frying Pan	1	10.7	2	61.0	466.207	469.056	480.930	11.874
2	22102702	38	29	Wireless Phone Charger	2	7.5	2	53.0	481.432	483.472	501.807	18.335
2	22102702	39	32	Digital Weight Scale	2	12.6	2	32.0	502.309	504.110	511.642	7.532
2	22102702	40	6	Notebook	1	1.4	2	68.0	512.144	514.793	525.630	10.837
2	22102702	41	31	Water Filter Pitcher	2	19.5	2	38.0	526.132	528.883	540.320	11.437
2	22102702	42	20	Lighter	2	0.5	2	58.0	540.822	541.654	549.831	8.177
2	22102702	43	5	Candle	1	4.4	2	57.0	550.333	551.837	557.506	5.668
2	22102702	44	36	Kettle	2	28.2	2	61.0	558.008	559.682	573.852	14.170
2	22102702	45	11	Wired Earphones	1	0.6	2	64.0	574.354	576.309	585.183	8.874
2	22102702	46	13	Head Thermometer	1	3.8	2	69.0	585.684	586.964	593.022	6.057
2	22102702	47	22	Travel Pillow	2	4.4	2	61.0	593.524	595.733	607.650	11.917
2	22102702	48	23	Ruler	2	0.5	2	68.0	608.152	610.191	617.423	7.231
2	22102702	49	30	Essential Oil Diffuser	2	10.4	2	53.0	617.924	620.584	629.202	8.619
2	22102702	50	3	Hand Soap	1	2.1	2	53.0	629.705	632.069	637.516	5.447
2	22102702	51	2	Dry-Erase Marker	1	0.9	2	NaN	638.018	640.288	645.882	5.594
2	22102702	52	9	Charging Box (Multi-Plug In)	1	7.0	2	68.0	646.383	649.071	659.735	10.664
2	22102702	53	15	Blender	1	7.0	2	58.0	660.237	662.640	667.671	5.031
2	22102702	54	17	Drone	1	15.7	2	38.0	668.173	670.960	675.623	4.663
2	22102702	55	28	Digital Clock	2	6.7	2	54.0	676.125	677.191	680.964	3.773
2	22102702	56	7	Coffee Mug	1	4.4	2	48.0	681.466	684.391	687.933	3.542
2	22102702	57	18	Robotic Vacuum Cleaner	1	16.8	2	41.0	688.435	689.368	699.233	9.865
2	22102702	58	21	Spoon	2	4.8	2	43.0	699.735	702.714	706.148	3.434
2	22102702	59	26	Binoculars	2	9.9	2	58.0	706.650	708.770	714.420	5.650
2	22102702	60	25	Water Bottle	2	9.9	2	58.0	714.922	715.549	722.011	6.461
2	22102702	61	10	Speaker	1	6.3	2	63.0	722.513	723.166	733.152	9.986
2	22102702	62	24	Reusable Grocery Shopping Bag	2	5.4	2	60.0	733.654	736.607	743.835	7.229
2	22102702	63	12	Small Coffee Machine	1	11.7	2	56.0	744.337	746.145	758.025	11.880
2	22102702	64	4	Umbrella	1	7.6	2	57.0	758.527	759.304	764.715	5.411
2	22102702	65	8	Bookbag	1	11.5	2	62.0	765.217	765.786	771.117	5.331
2	22102702	66	34	Watch	2	13.1	2	62.0	771.620	773.623	782.894	9.271
2	22102702	67	27	Wallet	2	13.4	2	28.0	783.395	786.066	792.528	6.462
2	22102702	68	19	Pen	2	1.6	2	37.0	793.030	794.017	800.151	6.134
2	22102702	69	35	Underwater Camera	2	6.0	2	21.0	800.653	801.215	808.418	7.204
2	22102702	70	16	Health Tracking Watch	1	12.9	2	34.0	808.920	810.425	818.765	8.341
2	22102702	71	33	Large Coffee Machine	2	28.1	2	62.0	819.267	820.866	834.215	13.349
2	22102702	72	1	Toothpaste	1	1.4	2	60.0	834.717	835.315	840.045	4.730
2	22102702	73	6	Notebook	1	0.8	3	76.0	840.547	842.387	853.686	11.299
2	22102702	74	5	Candle	1	4.2	3	66.0	854.188	856.930	863.349	6.419
2	22102702	75	18	Robotic Vacuum Cleaner	1	15.4	3	51.0	863.851	865.047	869.296	4.249
2	22102702	76	7	Coffee Mug	1	5.0	3	49.0	869.798	870.730	880.128	9.398
2	22102702	77	27	Wallet	2	8.7	3	52.0	880.630	881.267	887.934	6.667
2	22102702	78	30	Essential Oil Diffuser	2	14.4	3	62.0	888.436	889.354	894.461	5.106
2	22102702	79	25	Water Bottle	2	9.1	3	66.0	894.963	896.830	902.518	5.688
2	22102702	80	36	Kettle	2	28.2	3	83.0	903.020	905.810	913.532	7.722
2	22102702	81	17	Drone	1	12.3	3	57.0	914.034	915.453	920.825	5.372
2	22102702	82	28	Digital Clock	2	9.1	3	70.0	921.327	922.788	933.863	11.076
2	22102702	83	16	Health Tracking Watch	1	15.9	3	54.0	934.365	935.770	949.739	13.969
2	22102702	84	31	Water Filter Pitcher	2	23.9	3	60.0	950.241	952.237	961.858	9.621
2	22102702	85	23	Ruler	2	0.7	3	63.0	962.359	964.724	971.736	7.012
2	22102702	86	14	Frying Pan	1	11.0	3	67.0	972.238	972.844	977.618	4.774
2	22102702	87	15	Blender	1	5.5	3	66.0	978.120	979.717	992.766	13.049
2	22102702	88	4	Umbrella	1	2.7	3	69.0	993.268	994.186	1000.119	5.933
2	22102702	89	11	Wired Earphones	1	1.1	3	62.0	1000.621	1001.913	1006.156	4.243
2	22102702	90	3	Hand Soap	1	3.4	3	65.0	1006.658	1008.383	1012.304	3.921
2	22102702	91	35	Underwater Camera	2	4.8	3	73.0	1012.806	1015.471	1020.227	4.756
2	22102702	92	33	Large Coffee Machine	2	29.4	3	63.0	1020.729	1022.171	1042.457	20.286
2	22102702	93	10	Speaker	1	1.4	3	73.0	1042.959	1045.364	1051.710	6.347
2	22102702	94	12	Small Coffee Machine	1	14.3	3	59.0	1052.212	1054.896	1059.776	4.880
2	22102702	95	22	Travel Pillow	2	5.4	3	70.0	1060.278	1061.155	1065.473	4.318
2	22102702	96	21	Spoon	2	3.7	3	70.0	1065.975	1068.081	1071.191	3.110
2	22102702	97	1	Toothpaste	1	1.7	3	70.0	1071.693	1073.031	1077.990	4.959
2	22102702	98	8	Bookbag	1	8.4	3	64.0	1078.492	1080.259	1083.950	3.691
2	22102702	99	2	Dry-Erase Marker	1	0.9	3	74.0	1084.452	1085.322	1089.202	3.880
2	22102702	100	29	Wireless Phone Charger	2	7.0	3	62.0	1089.704	1091.460	1095.234	3.775
2	22102702	101	13	Head Thermometer	1	5.0	3	75.0	1095.736	1097.582	1102.628	5.045
2	22102702	102	34	Watch	2	12.0	3	70.0	1103.130	1103.719	1106.689	2.970
2	22102702	103	24	Reusable Grocery Shopping Bag	2	5.7	3	72.0	1107.191	1108.507	1116.461	7.954
2	22102702	104	26	Binoculars	2	7.9	3	74.0	1116.963	1118.502	1122.316	3.813
2	22102702	105	19	Pen	2	1.6	3	73.0	1122.817	1124.289	1128.027	3.738
2	22102702	106	20	Lighter	2	2.3	3	78.0	1128.529	1130.767	1134.014	3.248
2	22102702	107	9	Charging Box (Multi-Plug In)	1	5.5	3	59.0	1134.516	1136.369	1141.564	5.195
2	22102702	108	32	Digital Weight Scale	2	9.5	3	84.0	1142.066	1143.574	1148.479	4.906
