Group	subID	trial	item	itemname	patch	bid	bid_times	certainty	fixation_time	bid_start_time	bid_finish_time	RT
1	22071806	1	4	Umbrella	1	25.1	1	100.0	0.502	2.757	45.507	42.750
1	22071806	2	27	Wallet	2	5.0	1	100.0	46.009	46.878	64.271	17.393
1	22071806	3	11	Wired Earphones	1	15.9	1	100.0	64.772	65.846	79.127	13.281
1	22071806	4	5	Candle	1	5.3	1	100.0	79.629	81.927	90.013	8.086
1	22071806	5	32	Digital Weight Scale	2	30.2	1	100.0	90.515	91.973	107.709	15.736
1	22071806	6	3	Hand Soap	1	2.0	1	100.0	108.211	110.567	118.364	7.797
1	22071806	7	34	Watch	2	10.8	1	100.0	118.867	119.389	131.750	12.360
1	22071806	8	6	Notebook	1	1.9	1	100.0	132.252	133.850	145.921	12.072
1	22071806	9	20	Lighter	2	1.7	1	100.0	146.423	148.776	165.434	16.658
1	22071806	10	7	Coffee Mug	1	1.1	1	100.0	165.936	168.032	181.270	13.237
1	22071806	11	29	Wireless Phone Charger	2	15.1	1	100.0	181.772	183.992	213.435	29.442
1	22071806	12	13	Head Thermometer	1	15.1	1	100.0	213.936	215.223	227.455	12.231
1	22071806	13	23	Ruler	2	1.4	1	100.0	227.956	229.333	243.155	13.822
1	22071806	14	22	Travel Pillow	2	13.1	1	100.0	243.657	244.478	258.781	14.303
1	22071806	15	33	Large Coffee Machine	2	30.3	1	100.0	259.282	261.620	274.682	13.062
1	22071806	16	21	Spoon	2	1.0	1	100.0	275.184	277.493	293.114	15.621
1	22071806	17	24	Reusable Grocery Shopping Bag	2	1.0	1	100.0	293.616	296.320	307.941	11.621
1	22071806	18	14	Frying Pan	1	40.0	1	100.0	308.443	311.057	328.629	17.572
1	22071806	19	8	Bookbag	1	26.9	1	100.0	329.131	330.362	341.366	11.004
1	22071806	20	15	Blender	1	50.5	1	100.0	341.868	342.809	355.897	13.087
1	22071806	21	1	Toothpaste	1	1.0	1	100.0	356.399	358.522	373.572	15.050
1	22071806	22	26	Binoculars	2	25.4	1	100.0	374.074	376.612	391.022	14.410
1	22071806	23	16	Health Tracking Watch	1	10.1	1	100.0	391.524	392.353	404.316	11.963
1	22071806	24	36	Kettle	2	30.8	1	100.0	404.818	407.347	427.942	20.595
1	22071806	25	28	Digital Clock	2	15.5	1	100.0	428.444	430.891	444.440	13.549
1	22071806	26	2	Dry-Erase Marker	1	2.3	1	100.0	444.942	447.481	459.934	12.452
1	22071806	27	35	Underwater Camera	2	25.4	1	100.0	460.435	462.649	475.412	12.763
1	22071806	28	9	Charging Box (Multi-Plug In)	1	20.4	1	100.0	475.913	476.754	499.064	22.311
1	22071806	29	18	Robotic Vacuum Cleaner	1	35.2	1	100.0	499.566	501.913	515.073	13.161
1	22071806	30	31	Water Filter Pitcher	2	30.4	1	100.0	515.575	518.303	531.711	13.408
1	22071806	31	25	Water Bottle	2	1.3	1	100.0	532.213	533.502	549.563	16.062
1	22071806	32	30	Essential Oil Diffuser	2	23.0	1	100.0	550.065	552.410	568.148	15.739
1	22071806	33	17	Drone	1	50.8	1	100.0	568.650	571.549	583.997	12.449
1	22071806	34	19	Pen	2	1.1	1	100.0	584.499	586.320	594.006	7.686
1	22071806	35	12	Small Coffee Machine	1	26.1	1	100.0	594.508	596.600	608.283	11.682
1	22071806	36	10	Speaker	1	45.1	1	100.0	608.784	610.410	630.487	20.077
1	22071806	37	27	Wallet	2	2.3	2	100.0	630.989	633.941	644.249	10.308
1	22071806	38	7	Coffee Mug	1	1.3	2	100.0	644.751	645.330	661.764	16.434
1	22071806	39	12	Small Coffee Machine	1	26.5	2	100.0	662.265	664.930	674.615	9.685
1	22071806	40	31	Water Filter Pitcher	2	28.1	2	100.0	675.117	677.688	690.014	12.326
1	22071806	41	29	Wireless Phone Charger	2	20.9	2	100.0	690.516	691.653	706.723	15.070
1	22071806	42	18	Robotic Vacuum Cleaner	1	35.4	2	100.0	707.224	709.892	718.940	9.048
1	22071806	43	25	Water Bottle	2	1.3	2	100.0	719.442	721.948	735.310	13.361
1	22071806	44	14	Frying Pan	1	33.9	2	100.0	735.811	738.168	750.563	12.395
1	22071806	45	35	Underwater Camera	2	20.6	2	100.0	751.065	753.395	771.588	18.193
1	22071806	46	8	Bookbag	1	28.4	2	100.0	772.090	773.262	787.885	14.623
1	22071806	47	6	Notebook	1	1.3	2	100.0	788.387	790.810	799.536	8.726
1	22071806	48	33	Large Coffee Machine	2	38.4	2	100.0	800.038	802.352	810.259	7.907
1	22071806	49	19	Pen	2	1.3	2	100.0	810.761	811.659	836.200	24.541
1	22071806	50	3	Hand Soap	1	1.3	2	100.0	836.702	839.158	854.869	15.712
1	22071806	51	36	Kettle	2	35.8	2	100.0	855.371	857.358	869.695	12.337
1	22071806	52	9	Charging Box (Multi-Plug In)	1	23.3	2	100.0	870.197	870.763	881.107	10.345
1	22071806	53	4	Umbrella	1	33.0	2	100.0	881.609	884.311	896.300	11.989
1	22071806	54	5	Candle	1	1.3	2	100.0	896.802	898.892	907.152	8.259
1	22071806	55	11	Wired Earphones	1	22.4	2	100.0	907.654	909.055	924.776	15.721
1	22071806	56	13	Head Thermometer	1	15.5	2	100.0	925.278	926.583	935.554	8.972
1	22071806	57	32	Digital Weight Scale	2	36.6	2	100.0	936.056	937.026	945.524	8.498
1	22071806	58	23	Ruler	2	1.3	2	100.0	946.026	947.901	956.054	8.153
1	22071806	59	17	Drone	1	50.4	2	100.0	956.556	959.421	969.751	10.329
1	22071806	60	30	Essential Oil Diffuser	2	23.7	2	100.0	970.253	973.232	982.502	9.270
1	22071806	61	20	Lighter	2	0.9	2	100.0	983.004	984.416	995.362	10.946
1	22071806	62	15	Blender	1	51.6	2	100.0	995.864	998.726	1005.347	6.620
1	22071806	63	1	Toothpaste	1	1.0	2	100.0	1005.848	1006.846	1018.742	11.897
1	22071806	64	24	Reusable Grocery Shopping Bag	2	0.5	2	100.0	1019.245	1020.150	1028.674	8.523
1	22071806	65	22	Travel Pillow	2	16.8	2	100.0	1029.176	1031.254	1043.023	11.769
1	22071806	66	21	Spoon	2	1.3	2	100.0	1043.525	1045.160	1056.701	11.540
1	22071806	67	26	Binoculars	2	30.6	2	100.0	1057.203	1059.284	1068.108	8.823
1	22071806	68	16	Health Tracking Watch	1	15.5	2	100.0	1068.610	1069.209	1082.200	12.991
1	22071806	69	2	Dry-Erase Marker	1	1.0	2	NaN	1082.702	1084.127	1096.326	12.199
1	22071806	70	28	Digital Clock	2	15.0	2	100.0	1096.828	1097.642	1109.180	11.538
1	22071806	71	10	Speaker	1	47.0	2	100.0	1109.682	1111.587	1118.388	6.801
1	22071806	72	34	Watch	2	20.7	2	100.0	1118.890	1121.674	1136.031	14.357
1	22071806	73	23	Ruler	2	1.3	3	100.0	1136.533	1137.448	1156.572	19.124
1	22071806	74	22	Travel Pillow	2	16.8	3	100.0	1157.074	1157.915	1168.643	10.728
1	22071806	75	29	Wireless Phone Charger	2	16.7	3	100.0	1169.145	1172.087	1182.286	10.199
1	22071806	76	2	Dry-Erase Marker	1	1.3	3	100.0	1182.788	1183.542	1191.818	8.276
1	22071806	77	15	Blender	1	52.7	3	100.0	1192.320	1194.151	1205.628	11.477
1	22071806	78	10	Speaker	1	52.3	3	100.0	1206.130	1208.962	1216.407	7.445
1	22071806	79	31	Water Filter Pitcher	2	25.5	3	100.0	1216.909	1218.862	1232.449	13.587
1	22071806	80	24	Reusable Grocery Shopping Bag	2	0.5	3	100.0	1232.951	1234.429	1243.869	9.440
1	22071806	81	21	Spoon	2	0.5	3	100.0	1244.371	1246.788	1260.794	14.006
1	22071806	82	4	Umbrella	1	29.6	3	100.0	1261.296	1263.431	1273.806	10.376
1	22071806	83	16	Health Tracking Watch	1	15.4	3	100.0	1274.308	1276.813	1285.645	8.832
1	22071806	84	9	Charging Box (Multi-Plug In)	1	19.9	3	100.0	1286.147	1288.044	1297.745	9.701
1	22071806	85	17	Drone	1	52.6	3	100.0	1298.246	1299.484	1307.220	7.736
1	22071806	86	35	Underwater Camera	2	20.1	3	100.0	1307.722	1309.132	1321.524	12.392
1	22071806	87	11	Wired Earphones	1	15.9	3	100.0	1322.026	1324.205	1335.232	11.027
1	22071806	88	5	Candle	1	1.3	3	100.0	1335.734	1338.563	1352.211	13.648
1	22071806	89	14	Frying Pan	1	33.7	3	100.0	1352.713	1354.845	1363.770	8.925
1	22071806	90	26	Binoculars	2	25.8	3	100.0	1364.271	1365.760	1374.749	8.989
1	22071806	91	33	Large Coffee Machine	2	35.8	3	100.0	1375.251	1376.652	1401.476	24.824
1	22071806	92	20	Lighter	2	1.0	3	100.0	1401.977	1404.498	1416.613	12.115
1	22071806	93	7	Coffee Mug	1	1.3	3	100.0	1417.115	1418.719	1431.775	13.056
1	22071806	94	32	Digital Weight Scale	2	33.2	3	100.0	1432.277	1433.853	1445.476	11.623
1	22071806	95	34	Watch	2	20.5	3	100.0	1445.978	1447.630	1454.449	6.819
1	22071806	96	19	Pen	2	1.1	3	100.0	1454.951	1456.397	1469.451	13.054
1	22071806	97	25	Water Bottle	2	1.3	3	100.0	1469.953	1471.066	1485.073	14.007
1	22071806	98	8	Bookbag	1	21.9	3	100.0	1485.575	1486.859	1504.593	17.735
1	22071806	99	27	Wallet	2	1.3	3	100.0	1505.095	1507.691	1515.257	7.566
1	22071806	100	36	Kettle	2	28.4	3	100.0	1515.759	1517.382	1528.725	11.343
1	22071806	101	18	Robotic Vacuum Cleaner	1	35.4	3	100.0	1529.227	1531.652	1542.091	10.439
1	22071806	102	1	Toothpaste	1	1.3	3	100.0	1542.593	1545.158	1556.163	11.005
1	22071806	103	12	Small Coffee Machine	1	25.5	3	100.0	1556.665	1557.656	1588.011	30.355
1	22071806	104	13	Head Thermometer	1	20.1	3	100.0	1588.513	1589.660	1598.261	8.601
1	22071806	105	30	Essential Oil Diffuser	2	25.1	3	100.0	1598.763	1601.556	1611.522	9.966
1	22071806	106	6	Notebook	1	1.1	3	99.0	1612.024	1615.011	1626.920	11.909
1	22071806	107	28	Digital Clock	2	16.7	3	100.0	1627.422	1629.602	1637.554	7.952
1	22071806	108	3	Hand Soap	1	1.3	3	100.0	1638.055	1640.216	1654.376	14.160
