subID	modeli	name	Mp	delta	wp	scl	delta2	nll	nllsd	success	iterations
22071401	1	McFadden	1.72923415660671	0.428421105416965	NaN	NaN	NaN	247.94410929456	0.0434520980336104	2	22
22071401	2	dnLinear	0.655702531337738	1.88912031650543	NaN	1.73946702480316	NaN	244.745656828286	0.0557458640537104	2	18
22071401	3	DNM	1.73402604388178	0.397408238809152	0	NaN	NaN	247.929934184015	0.0411217288625517	1	28
22071401	4	dnDNM	0.767742156982422	1.66540584564209	0	1.59702014923096	NaN	244.942353065821	0.0396842009958604	2	19
22071401	5	dnDNMExtened	0.892285151407123	1.15188041906804	8.25644470751064e-05	1.47421107534319	0.447943576984108	245.205009004818	0.0454091077026981	2	36
22071402	1	McFadden	61.5719013214111	-0.0677452087402344	NaN	NaN	NaN	348.986312718826	0.0357266050190203	2	13
22071402	2	dnLinear	54.5484619140625	-0.053607177734375	NaN	4	NaN	344.085350212056	0.0364182564855112	2	14
22071402	3	DNM	60.1053311228752	-0.0798793256282807	0	NaN	NaN	348.955955014169	0.0346848557928418	1	19
22071402	4	dnDNM	55.6471283589817	-0.0637566464716656	1.25065254905632e-05	4	NaN	341.599898273677	0.0265773702332424	1	22
22071402	5	dnDNMExtened	54.8080997467041	-0.0380729675292969	0	4	0.646922302246094	340.557797920554	0.0366036149961252	2	17
22071801	1	McFadden	4.64586520072771	0.336118023225572	NaN	NaN	NaN	182.260001086738	0.0309924234441143	2	22
22071801	2	dnLinear	4.66590382345021	0.33901105998084	NaN	0	NaN	182.253064659533	0.027446439741809	1	23
22071801	3	DNM	1.89138514833758	0.196520741085988	0.100829664315097	NaN	NaN	179.591353684863	0.0325970928296093	1	24
22071801	4	dnDNM	1.85115464837145	0.226819915798842	0.10663256202497	0.00647240348553169	NaN	179.437158745506	0.0401957287394324	1	40
22071801	5	dnDNMExtened	1.32577313104412	0.217894740332849	0.12540506660589	0.0805691530695185	-0.807512334029889	179.541547631212	0.040951177297895	1	41
22071802	1	McFadden	5.64623133299528	0.482136856306079	NaN	NaN	NaN	121.691891477529	0.0258132493386782	2	25
22071802	2	dnLinear	4.29908629949205	0.788921534287511	NaN	1.1959985200665	NaN	121.648400400955	0.0261723713616903	1	32
22071802	3	DNM	5.53274105489254	0.518046620488167	0	NaN	NaN	121.658804191075	0.0281013954621914	1	25
22071802	4	dnDNM	4.88134956359863	0.655335998535156	0	0.892887115478516	NaN	121.658519085822	0.0189026949718796	2	20
22071802	5	dnDNMExtened	5.39363861083984	0.477665328979492	0	0.472332000732422	1.13631401062012	121.615292515389	0.0242741162616739	2	18
22071803	1	McFadden	3.4107276183895	0.448876672144252	NaN	NaN	NaN	148.972868084603	0.0461823277509642	2	19
22071803	2	dnLinear	1.77204489707947	1.49064548015595	NaN	0.726177453994751	NaN	144.258112359251	0.0979212377778206	2	30
22071803	3	DNM	3.43940959722034	0.493880929749112	5.29857728803762e-08	NaN	NaN	149.037224431885	0.0577866180101958	1	36
22071803	4	dnDNM	0.922488333657384	3.84508775994182	7.36676156520844e-06	0.7593006901443	NaN	142.948168735168	0.0828334910454324	1	33
22071803	5	dnDNMExtened	2.30496251256409	0.793382056335395	6.65514176944049e-05	0.59988619115029	0.387830279070477	145.674344868901	0.0988201457457821	1	37
22071804	1	McFadden	17.4793460071087	0.881436634063721	NaN	NaN	NaN	240.259502263908	0.0346707048569636	2	14
22071804	2	dnLinear	14.5120661854744	1.1167224407196	NaN	2.15546882152557	NaN	239.756590668123	0.041437274884808	2	20
22071804	3	DNM	0.00072479248046875	0.803445434570313	0.147763061523438	NaN	NaN	231.899622236672	0.0343365815980839	2	19
22071804	4	dnDNM	9.31322574615479e-08	1.03960627391934	0.121668409183621	1.56524400413036	NaN	229.872798400803	0.0298939925303668	1	20
22071804	5	dnDNMExtened	9.31322574615479e-10	0.784492120263167	0.129439290426671	1.30355862551369	1.30597997214645	229.632351649725	0.0328510607531668	1	22
22071805	1	McFadden	46.6717312983237	-0.307615005021216	NaN	NaN	NaN	283.13254841518	0.036836253567372	2	17
22071805	2	dnLinear	48.079797744751	-0.345542526245117	NaN	0	NaN	283.110845712959	0.0344215375876693	2	15
22071805	3	DNM	46.3993272781372	-0.315735530853272	0	NaN	NaN	283.079870272636	0.026426213520337	1	26
22071805	4	dnDNM	48.3263745602958	-0.341008841876828	3.04976492726539e-07	6.68405009491835e-05	NaN	283.094739288897	0.0307943157408686	2	23
22071805	5	dnDNMExtened	47.75661236783	-0.335259873122817	2.38693620424613e-09	7.13140877905971e-07	-0.557329307309642	283.113851106556	0.0402561637792948	2	23
22071806	1	McFadden	6.19132118962261	1.10141001904594	NaN	NaN	NaN	155.186588162168	0.0646890242362908	1	19
22071806	2	dnLinear	3.64398231450468	2.38085707016289	NaN	1.66438603028655	NaN	154.103422948232	0.0975361141461029	2	13
22071806	3	DNM	6.32852363586426	0.91485824584961	0	NaN	NaN	154.700267477606	0.0863202097481453	2	11
22071806	4	dnDNM	5.29454905742023	1.23514759310201	0.00344432186248012	0	NaN	155.147026986384	0.103306298538315	1	27
22071806	5	dnDNMExtened	6.86646231593852	0.775199129524799	2.10987763926695e-08	0.578632166047782	-0.393988271415401	156.293392309742	0.918171051883105	1	37
22071901	1	McFadden	5.75165557861328	0.160255432128906	NaN	NaN	NaN	190.140591403929	0.116475623718935	2	16
22071901	2	dnLinear	4.62973690032959	-0.333604907989502	NaN	2.44856739044189	NaN	185.558497353197	0.12815660795069	1	29
22071901	3	DNM	5.6285400390625	0.02001953125	0	NaN	NaN	190.070798424154	0.139435068224041	2	11
22071901	4	dnDNM	4.68874650089782	-0.252476598559474	9.86712441886084e-06	2.10652037248548	NaN	185.76205470734	0.142044975452043	1	40
22071901	5	dnDNMExtened	5.45181223750114	-0.419027847051621	6.75082206725852e-05	1.33359062671661	1.03974581360817	183.601492202009	0.0763932363720694	2	41
22071902	1	McFadden	21.109375	-0.124066162109375	NaN	NaN	NaN	352.55282793218	0.0341861882254094	2	13
22071902	2	dnLinear	19.8630130887032	-0.0992172479629517	NaN	0.010252058506012	NaN	352.596687621541	0.0304974092454401	1	23
22071902	3	DNM	20.5519561767578	-0.0873626708984375	0	NaN	NaN	352.678961555123	0.0296081518702139	2	11
22071902	4	dnDNM	19.844934533241	-0.096475507869036	1.71973009855941e-05	4.36842819908634e-05	NaN	352.619832130789	0.0319369934603001	2	20
22071902	5	dnDNMExtened	20.7727618799545	-0.150348152313381	0	0	-0.137940953299403	352.6336654757	0.0281752749233754	1	29
22071903	1	McFadden	423.767895830795	-0.217178303748369	NaN	NaN	NaN	395.4426549742	0.0326791561512223	2	18
22071903	2	dnLinear	535.938529968262	-0.040205717086792	NaN	0	NaN	395.450302983764	0.0356393298789323	1	27
22071903	3	DNM	9.31322574615479e-10	-0.0411591169424355	0.976747451815754	NaN	NaN	369.857664217655	0.0226688583270473	2	17
22071903	4	dnDNM	9.31322574615479e-10	-0.0931703511392698	1.02439099343028	0.307880331296474	NaN	369.580766050066	0.0320943272137296	2	25
22071903	5	dnDNMExtened	4.88758087158203e-06	-0.117020606994629	1.0468181848526	0.383586168289185	-0.999999952316284	369.368196813864	0.0377793144298484	2	22
22071904	1	McFadden	61.1739473342896	0.556131744384766	NaN	NaN	NaN	374.325840519029	0.0273031713312914	2	14
22071904	2	dnLinear	54.0987347457233	0.510219602995426	NaN	4	NaN	370.809234036622	0.0300174592271576	1	24
22071904	3	DNM	9.31322574615479e-08	0.484221201017499	0.409847057238221	NaN	NaN	367.409285043661	0.0259314151255471	2	18
22071904	4	dnDNM	3.09228198602796e-11	0.421246219929981	0.399592718951772	3.99999992167614	NaN	361.779578438717	0.0367724016338825	2	21
22071904	5	dnDNMExtened	9.31322574615479e-08	0.629786463454366	0.399169083684683	4	3.35420238859952	356.421664367442	0.0268323936941602	2	22
22071905	1	McFadden	175.18390820222	-0.407732573343674	NaN	NaN	NaN	350.599522472789	0.0401392582348494	1	20
22071905	2	dnLinear	173.380960579661	-0.449181558449345	NaN	0.13963603751472	NaN	350.618906255318	0.0338215656976373	2	17
22071905	3	DNM	177.191932678223	-0.450030517578125	0	NaN	NaN	350.617146639106	0.0395674013908011	2	22
22071905	4	dnDNM	171.394115872681	-0.453808014467359	0	0.693322584033012	NaN	350.639361187655	0.0296917809528877	1	16
22071905	5	dnDNMExtened	154.964668273926	-0.353854370117188	0	0.417190551757812	-0.795655822753906	350.678185771412	0.0318837523052648	2	15
22071906	1	McFadden	7.03270864486694	0.0801545143127441	NaN	NaN	NaN	168.160253768459	0.0345110626173666	2	11
22071906	2	dnLinear	6.96364498138428	0.0802606582641602	NaN	0.258769035339355	NaN	168.181855779018	0.0429203794955348	2	11
22071906	3	DNM	7.02345122494626	0.0747453420220154	1.64371612300096e-05	NaN	NaN	168.20429718269	0.0413932996223911	2	26
22071906	4	dnDNM	7.08972652225225	0.0687387908325036	0	0.190122594396144	NaN	168.213480592257	0.0344376213079375	2	27
22071906	5	dnDNMExtened	6.98817338049412	-0.120456512272358	1.85668468477562e-06	0.438967049121857	2.22180940359831	167.24209921024	0.0351202351553402	1	23
22071907	1	McFadden	14.7546210289001	-0.0606456518173218	NaN	NaN	NaN	327.873805427301	0.0252078544642711	2	17
22071907	2	dnLinear	6.99920356273651	-0.999997520446778	NaN	4	NaN	317.129592191259	0.0305981182664777	2	11
22071907	3	DNM	2.78532752417959e-12	-0.0860315765580993	0.363980330336011	NaN	NaN	321.718393141554	0.0307833010832447	1	20
22071907	4	dnDNM	0.143631815910339	-0.965620756149292	0.181291031837463	3.99880409240723	NaN	312.008232684094	0.0332272723349474	2	22
22071907	5	dnDNMExtened	0.386599500547163	-0.915517550939694	0.197273076651618	3.98326123156585	0.132656840095297	311.938565125894	0.0376265983776485	1	39
22071908	1	McFadden	7.33646775968373	0.751976208388805	NaN	NaN	NaN	329.888200451209	0.0411252103938054	2	21
22071908	2	dnLinear	7.51233643293381	0.715976220369339	NaN	0.000708103179931641	NaN	329.890611149501	0.0285923885446845	2	24
22071908	3	DNM	7.6968150138855	0.640325355529785	0	NaN	NaN	329.912417109468	0.0361906516183841	2	11
22071908	4	dnDNM	7.56219279766083	0.707640719413757	0	0	NaN	329.893458871303	0.0323605823077835	2	27
22071908	5	dnDNMExtened	7.56123095750809	1.06959486603737	0.000163930654525801	1.74185699224472	3.84285153746605	329.070770454451	0.031384725390916	2	22
22071909	1	McFadden	27.1055308593932	0.131517129727581	NaN	NaN	NaN	260.539349938201	0.03487281880096	1	21
22071909	2	dnLinear	27.3784536495805	0.0708846881985664	NaN	1.27257704734802	NaN	260.5730678951	0.033381953208674	2	23
22071909	3	DNM	1.35311575419905e-05	0.024642233923754	0.227540112583658	NaN	NaN	245.900729937275	0.025535910203045	1	24
22071909	4	dnDNM	0.00299072265625	0.0267578125	0.22908935546875	0	NaN	245.909970784518	0.0420220329265976	2	13
22071909	5	dnDNMExtened	4.88758087158203e-06	0.0250135898590088	0.230669498443604	0.0244340896606445	0.621321296691895	245.877378070854	0.0360879386965285	2	28
22071910	1	McFadden	22.852996468544	0.882376766204834	NaN	NaN	NaN	234.227380377202	0.0447057067998784	1	25
22071910	2	dnLinear	23.0892855633356	0.859285842355166	NaN	0.0001220703125	NaN	234.246381294861	0.0353413785463488	1	23
22071910	3	DNM	11.1513671875	0.792431640625	0.1054443359375	NaN	NaN	233.861881522182	0.0288204090098523	2	18
22071910	4	dnDNM	15.4945234468905	0.806108264345676	0.0656679671257734	0.0848020210396498	NaN	233.827376709485	0.0289102996881717	2	23
22071910	5	dnDNMExtened	13.6650390625	0.75654296875	0.07998046875	0	-0.9998046875	233.788424002676	0.0324290979477183	2	18
22071911	1	McFadden	1.76783884285635	0.335645845967792	NaN	NaN	NaN	222.473631143567	0.0301700861038343	2	22
22071911	2	dnLinear	0.513420546014004	3.0203604253813	NaN	1.212208174029	NaN	218.655128197255	0.0326313826665775	1	63
22071911	3	DNM	1.7496452331543	0.326226806640625	0	NaN	NaN	222.453945050999	0.0292139360008363	2	24
22071911	4	dnDNM	0.428256839513779	3.88509911894798	0	1.21695780754089	NaN	218.472649192488	0.0270716834035748	1	25
22071911	5	dnDNMExtened	0.716727748513222	2.28869541287422	0	1.19080092012882	-0.706355486810208	217.88875352902	0.0298952482129884	1	28
22071912	1	McFadden	120.616943359375	-0.6805419921875	NaN	NaN	NaN	362.184329362947	0.0348404898592588	2	14
22071912	2	dnLinear	113.496249276446	-0.772068982874043	NaN	3.99669704725966	NaN	355.410442027905	0.0393382422859537	1	28
22071912	3	DNM	9.31322574615479e-10	-0.673483884334564	0.977671877387911	NaN	NaN	354.903097343802	0.0328022828834846	1	19
22071912	4	dnDNM	4.17853584905807	-0.712875696342962	0.807607807189449	3.99997239826474	NaN	349.378527930409	0.0322171378632445	1	22
22071912	5	dnDNMExtened	10.5006725047715	-0.754529896238819	0.790788877173327	3.99880146514624	0.970943598169834	347.913038418898	0.038211897182613	2	18
22072001	1	McFadden	2.99742076558323	-0.106644095298543	NaN	NaN	NaN	350.141126033076	0.0403120564214779	1	24
22072001	2	dnLinear	2.57902269996703	-0.2291594106704	NaN	1.01391004770994	NaN	348.603040782893	0.039961589842863	2	26
22072001	3	DNM	0.720319758635014	-0.0491224261932075	0.436099193338305	NaN	NaN	348.229624575663	0.029927112618826	2	16
22072001	4	dnDNM	2.12926079770504	-0.321560501759992	0.127028289251665	1.63106688584549	NaN	346.970710763212	0.0354562987559868	1	36
22072001	5	dnDNMExtened	1.50471485118942	-0.239970648774761	0.262515791677652	1.17423428460097	1.17167592685109	346.476949667294	0.0337432709536111	1	36
22072002	1	McFadden	12.8585065901279	0.882005834579468	NaN	NaN	NaN	204.450318268734	0.021827951029565	2	18
22072002	2	dnLinear	12.926312975731	0.895040132908616	NaN	0	NaN	204.489802315043	0.0348442256650551	1	22
22072002	3	DNM	12.7978890854865	0.926807950809598	0	NaN	NaN	204.497454665797	0.0274335453255939	1	25
22072002	4	dnDNM	13.1061096191406	0.86314697265625	4.27246093750444e-05	0.12786865234375	NaN	204.464015748101	0.0305016376422613	2	31
22072002	5	dnDNMExtened	12.529052734375	0.930712890625	0	0.416015625	-0.999951171875	204.430666226279	0.0230426695471835	2	23
22072003	1	McFadden	42.3948621749878	-0.347647309303284	NaN	NaN	NaN	358.843979188912	0.0264196851626496	2	11
22072003	2	dnLinear	2.07598743845301	-0.99999999999709	NaN	1.64893061605108	NaN	238.141065663005	0.0418138993540559	1	25
22072003	3	DNM	9.31322574615479e-10	-0.295255953352898	0.785842662490904	NaN	NaN	320.152392355852	0.0380271537946715	2	19
22072003	4	dnDNM	0.0301464796066284	-0.838810080289841	0.0268942236900329	1.29853773117065	NaN	221.147222886804	0.0306402932068382	2	36
22072003	5	dnDNMExtened	0.0598789964333264	-0.966681096891989	0.0216612032378179	1.6999642429073	-0.471001867551968	218.731860035125	0.0270119451143079	1	40
22072004	1	McFadden	20.0048113152152	0.258785385149531	NaN	NaN	NaN	267.354238577177	0.0420193213796052	1	24
22072004	2	dnLinear	20.0881958007812	0.256200408935547	NaN	0	NaN	267.308765391575	0.0345264246086541	2	13
22072004	3	DNM	20.0350876934826	0.269516432005912	0	NaN	NaN	267.380190399424	0.0327183956452878	2	23
22072004	4	dnDNM	20.2619171142578	0.257731628417969	0	0	NaN	267.332214839783	0.0262957385393782	2	13
22072004	5	dnDNMExtened	20.245677947998	0.244773483276367	0	0	-0.55200309753418	267.348655997001	0.0338398421834207	2	18
22072005	1	McFadden	5.46062517166138	0.55814905166626	NaN	NaN	NaN	114.807878599767	0.0498558934643295	2	11
22072005	2	dnLinear	5.52704524993896	0.511902904510498	NaN	0.165740966796875	NaN	114.762289586252	0.0452181066835349	2	20
22072005	3	DNM	9.31322574615479e-10	0.638140440639108	0.0810197519138456	NaN	NaN	106.439381495345	0.0324090534222199	2	27
22072005	4	dnDNM	8.94835424674056e-05	0.583540864606431	0.0826886565645338	1.23189619216646e-05	NaN	106.428678544336	0.0423443037503544	1	28
22072005	5	dnDNMExtened	0.000230528884912928	0.568096208910629	0.0835967929379876	0.000412227151173283	-0.803841343013483	106.382114660203	0.0327687373295989	1	28
22072006	1	McFadden	27.0241870146989	0.190534311984425	NaN	NaN	NaN	344.919685951246	0.0271423690249284	2	18
22072006	2	dnLinear	23.7402385044843	0.217807511612773	NaN	2.74282808601856	NaN	344.535639960675	0.0297967187215933	1	24
22072006	3	DNM	26.2170648574829	0.160490322113037	0.00127773284912114	NaN	NaN	344.934190298008	0.0369568023664153	2	21
22072006	4	dnDNM	0.281700134277344	0.296568298339844	0.275968933105469	3.85923767089844	NaN	341.759131224615	0.0326929284065547	1	26
22072006	5	dnDNMExtened	0.126959367072743	0.406093485709959	0.278822736518673	3.99886528537941	3.99989533670163	340.472799262924	0.0432698154238016	1	38
22072007	1	McFadden	3.18928040377796	-0.0917504329234362	NaN	NaN	NaN	171.255311089816	0.026090262008117	2	15
22072007	2	dnLinear	2.38944005966187	-0.332161235809326	NaN	1.31741714477539	NaN	168.991866526444	0.0344868671575397	2	20
22072007	3	DNM	1.74950033938512	-0.0851566081866622	0.0688548692502081	NaN	NaN	171.026012670306	0.0248635822961688	1	27
22072007	4	dnDNM	2.36596638306219	-0.353065128652088	1.00553850643781e-05	1.36755987301876	NaN	168.981564761146	0.0319614441688796	2	26
22072007	5	dnDNMExtened	2.89724435091966	-0.974989547194218	1.44732621221166e-07	0.737552487698849	1.37100029881076	168.113846932495	0.0211678902130582	2	19
22102401	1	McFadden	28.3748967901338	1.7835418449482	NaN	NaN	NaN	342.292927844311	0.0387208059119643	1	17
22102401	2	dnLinear	25.5556315779686	2.0058926820755	NaN	3.99999898672104	NaN	339.929161692882	0.0285058345724265	2	14
22102401	3	DNM	3.62473645054706e-06	1.53282475189637	0.239766942143518	NaN	NaN	335.374088971274	0.0301384708164181	1	28
22102401	4	dnDNM	2.110748027917e-06	1.66322042116663	0.237789343539043	1.11308274975454	NaN	335.343039284624	0.0385427532474966	2	38
22102401	5	dnDNMExtened	8.60018990840763	2.35316409301013	0.155253818724304	4	3.9999999997206	331.536687511269	0.0358588051648829	2	18
22102402	1	McFadden	25.853148837024	0.320993022590301	NaN	NaN	NaN	215.867163138486	0.0338645608716511	1	21
22102402	2	dnLinear	21.9468722343445	0.264551448822022	NaN	4	NaN	210.840615323103	0.0263977247864401	2	16
22102402	3	DNM	25.6535091400146	0.332952499389648	0	NaN	NaN	215.908580632995	0.0287717713072894	2	11
22102402	4	dnDNM	22.2992243766785	0.286036014556885	0	3.11360931396484	NaN	212.316825654461	0.0359371248806694	2	20
22102402	5	dnDNMExtened	22.7231841906905	0.212044878304005	5.01722097401291e-06	2.540830925107	0.638459351658821	211.918203303214	0.0301209902023372	2	16
22102403	1	McFadden	388.788080215454	0.377092361450195	NaN	NaN	NaN	368.803490362302	0.0347005409348792	2	16
22102403	2	dnLinear	358.255615234375	0.4172119140625	NaN	0.2041015625	NaN	368.848650090783	0.0407659234708017	2	13
22102403	3	DNM	215.625283122063	2.60536782741547	2.43124673366547	NaN	NaN	368.858140809708	0.0385440247726225	2	15
22102403	4	dnDNM	268.249104057345	0.763374349404239	0.0945583490230092	7.04071226209635e-07	NaN	368.873199912947	0.0311407895392483	1	22
22102403	5	dnDNMExtened	321.2733540833	1.24169147610664	0.0611331999301911	0.127827644348145	1.04383682608604	368.880637990821	0.0334389488064618	2	22
22102404	1	McFadden	5.2497678801883	0.312888661632314	NaN	NaN	NaN	314.595588417764	0.035862398564502	1	25
22102404	2	dnLinear	0.00072479248046875	-0.708460998535156	NaN	3.13525390625	NaN	293.397482225462	0.0304283968225003	2	13
22102404	3	DNM	1.49055267684162e-06	0.353539954795269	0.364769040414831	NaN	NaN	296.118941791308	0.0391106064129669	1	37
22102404	4	dnDNM	1.04213361442089	0.412517146393657	0	4	NaN	285.849874511513	0.0257158260919115	1	22
22102404	5	dnDNMExtened	0.868708265945315	0.572856121137738	0.000683851912617661	3.27581956610084	0.519726334884763	284.810397556565	0.0374691235523458	1	29
22102406	1	McFadden	2.9657062292099	0.202694988250732	NaN	NaN	NaN	169.163002228108	0.0316560103912078	2	11
22102406	2	dnLinear	1.12735899537802	1.788303630054	NaN	1.54492525756359	NaN	162.933674736876	0.0355267937610884	2	26
22102406	3	DNM	2.36367100477219	0.086105352640152	0.0447420537471771	NaN	NaN	168.24094653289	0.030741563965871	2	23
22102406	4	dnDNM	0.00072479248046875	1.57508392333984	0.058575439453125	1.33018493652344	NaN	153.277119307755	0.0258381742884461	2	19
22102406	5	dnDNMExtened	9.31322574615479e-10	2.15713973413804	0.0473103272612206	1.4040326650138	-0.175597315921914	153.044539207079	0.0323606780374534	1	37
22102407	1	McFadden	3.40893622301519	-0.018407192081213	NaN	NaN	NaN	162.515516136265	0.0350681346596547	2	11
22102407	2	dnLinear	3.31656840443611	0.00560707449913024	NaN	0.0331918597221375	NaN	162.52330233872	0.044067763747891	2	20
22102407	3	DNM	3.26064300537109	0.019158935546875	0	NaN	NaN	162.527805511436	0.0373220185626761	2	16
22102407	4	dnDNM	3.34305939264596	-0.00266606621444226	0.000386226922273636	0	NaN	162.548070038644	0.0397551312456211	2	20
22102407	5	dnDNMExtened	3.37847137451172	-0.0190460205078125	0	0	-0.214950561523438	162.474789684007	0.0379114070185579	2	18
22102408	1	McFadden	2.0703942142427	0.372293562069535	NaN	NaN	NaN	184.803456779383	0.0388075845652774	1	21
22102408	2	dnLinear	2.07582565030316	0.346381019020919	NaN	0	NaN	184.740767211779	0.0399578558094234	2	23
22102408	3	DNM	0.000158309936523438	0.132530975341797	0.222464370727539	NaN	NaN	166.737481299796	0.0411050940618578	2	26
22102408	4	dnDNM	1.66893005371094e-05	0.164624500274658	0.217948246002197	0	NaN	166.744631031569	0.0474108633847403	1	27
22102408	5	dnDNMExtened	0.000158309936523438	0.179019165039063	0.218175888061523	0.00257110595703125	-0.882602310180664	166.669988832393	0.0375233093936016	2	20
22102409	1	McFadden	22.7646229788661	3.69692528545857	NaN	NaN	NaN	375.78816804859	0.038850862080452	1	27
22102409	2	dnLinear	22.5860540053109	3.70556338876486	NaN	4.35009133070707e-05	NaN	375.761811284216	0.0395395746297911	2	20
22102409	3	DNM	22.3986428670178	3.99992670607171	0	NaN	NaN	375.756062887776	0.0347373223545474	2	17
22102409	4	dnDNM	21.9861155801391	3.99999999999891	0	0	NaN	375.774251754323	0.0388261604813007	2	16
22102409	5	dnDNMExtened	22.4283040374285	3.29959427169524	0	0.0023684948682785	-0.999921309808269	375.809146166239	0.0311195687224941	2	27
22102410	1	McFadden	4.17345881462097	0.897010809183121	NaN	NaN	NaN	260.551110366449	0.0297869351045386	2	23
22102410	2	dnLinear	4.09672027958914	0.950496327548535	NaN	0	NaN	260.582282333052	0.0288789780183872	2	24
22102410	3	DNM	0.0197963714599609	0.974077987670899	0.198624038696289	NaN	NaN	258.51177447521	0.0386561029726933	2	11
22102410	4	dnDNM	0.00205083478977031	0.920178880030289	0.200357308995808	9.54034658207092e-05	NaN	258.497945618661	0.0342687975493859	1	26
22102410	5	dnDNMExtened	0.00299072265625	0.9876953125	0.200335693359375	0	-0.891845703125	258.540315292068	0.0379888566009774	2	16
22102501	1	McFadden	20.9741272926331	-0.0476493835449219	NaN	NaN	NaN	269.156252564427	0.0258224734131182	2	18
22102501	2	dnLinear	20.5142068550922	4.10666689275307e-06	NaN	0	NaN	269.187984434283	0.0366076842094156	2	23
22102501	3	DNM	10.9659503698349	-0.0296589136123657	0.102694773674011	NaN	NaN	268.335573467419	0.0314803023376187	1	21
22102501	4	dnDNM	11.4337115287781	-0.00987730026245118	0.0924273490905761	0.158247709274292	NaN	268.413569563611	0.0306855399177303	2	13
22102501	5	dnDNMExtened	9.43426648806781	-0.0221465141512454	0.117050199396908	0.112253581173718	1.37120641935617	268.374869375572	0.0294249974170543	2	31
22102502	1	McFadden	6.30253649118822	0.989394354308024	NaN	NaN	NaN	169.916125933899	0.0436280071530519	1	23
22102502	2	dnLinear	2.28025054931641	3.99999542236328	NaN	1.7760009765625	NaN	158.913985819101	0.0452224148813593	2	21
22102502	3	DNM	1.9785912286352e-07	0.584946129609718	0.160592806867573	NaN	NaN	155.436005096512	0.0273182580893195	1	29
22102502	4	dnDNM	3.10899340547621e-05	3.13327954469132	0.0588608145539183	1.48887372121681	NaN	146.946820208679	0.0298552712511345	2	34
22102502	5	dnDNMExtened	8.30538497211819e-05	3.99999999999973	0.0500246891061579	1.60967458119285	-0.999999922890129	145.858372667112	0.0312067468064252	2	26
22102503	1	McFadden	39.3578548431396	0.164192199707031	NaN	NaN	NaN	350.088182472737	0.0288171489910905	2	12
22102503	2	dnLinear	32.4813697114587	0.273406372964382	NaN	4	NaN	346.860236151505	0.0359665664813773	1	24
22102503	3	DNM	1.02987015247345	0.251917171478272	0.387959313392639	NaN	NaN	348.737782101211	0.0330018908994042	2	11
22102503	4	dnDNM	0.00408158361096866	0.490136678208364	0.298375867930008	3.99997149180854	NaN	342.977486661707	0.0260634414084205	1	24
22102503	5	dnDNMExtened	2.11002770811319e-10	0.0645585837322869	0.308769616644713	4	3.99999999999564	335.147235383494	0.0303170298774639	1	31
22102504	1	McFadden	1.97695453260349	0.654371333723611	NaN	NaN	NaN	244.356895437915	0.0320226807955598	1	31
22102504	2	dnLinear	1.82149410247803	0.78655424118042	NaN	0.43913459777832	NaN	244.21748993677	0.0356406336254238	2	15
22102504	3	DNM	1.59079703688622	0.544404947757721	0.0403516829013825	NaN	NaN	244.214682977948	0.0304608049102715	2	32
22102504	4	dnDNM	1.79685211181641	0.725149536132813	0	0.495574951171875	NaN	244.225208093462	0.0309780027309833	2	13
22102504	5	dnDNMExtened	1.48282153625041	0.642997358459979	0.0354009316302836	0.404778132215142	-0.0960626038722694	244.195033643232	0.0330183625730419	2	30
22102505	1	McFadden	7.0362187092469	-0.439513274098863	NaN	NaN	NaN	257.01421604121	0.0323918745567281	2	19
22102505	2	dnLinear	7.15951508004218	-0.463799142744392	NaN	0.0120887411758304	NaN	256.974281091678	0.0305939658958138	1	30
22102505	3	DNM	7.04332198668271	-0.437498985044658	0	NaN	NaN	257.031186149337	0.0361385102648443	1	26
22102505	4	dnDNM	7.00536576611921	-0.44535543397069	1.72108411744532e-07	0	NaN	256.950760296199	0.0383095082855094	1	36
22102505	5	dnDNMExtened	4.71612548828125	-0.1451416015625	8.54492187499778e-05	3.5	-0.96973876953125	256.517752096888	0.0317115348200713	2	17
22102701	1	McFadden	28.8402787875093	-0.314564935080125	NaN	NaN	NaN	212.246209508452	0.0412206681850118	2	21
22102701	2	dnLinear	28.6401741966838	-0.304620474018157	NaN	0	NaN	212.232559072554	0.0517220406249499	1	23
22102701	3	DNM	28.60205078125	-0.3084716796875	0	NaN	NaN	212.263247743586	0.0294135808709085	2	13
22102701	4	dnDNM	28.7931442260742	-0.310993957519531	0	0	NaN	212.267830117641	0.0394119597829362	2	14
22102701	5	dnDNMExtened	28.6302583664656	-0.305136263370514	0	0.000139519572257996	-0.322803670167923	212.2649242966	0.0359506078069433	2	19
22102702	1	McFadden	13.568359375	0.4381591796875	NaN	NaN	NaN	324.81254231956	0.039451402649516	2	11
22102702	2	dnLinear	8.63411939144135	0.892070770263672	NaN	4	NaN	321.453951053554	0.0371676835657109	1	25
22102702	3	DNM	1.49213974509621e-13	0.459960628487122	0.27719709493911	NaN	NaN	316.510339032529	0.0386545086776158	1	30
22102702	4	dnDNM	9.31322574615479e-08	1.50902127288282	0.117811524868011	4	NaN	310.96424184647	0.0346527900450055	2	16
22102702	5	dnDNMExtened	0.000630213244789957	-0.999993708237453	0.134577341697958	3.99994864641667	1.3959650175803	305.764133148774	0.0354365233201838	1	38
22102703	1	McFadden	3.83202473819256	0.194226181507111	NaN	NaN	NaN	362.453352104768	0.0421903154523057	2	16
22102703	2	dnLinear	1.36380548076704	0.380257775168866	NaN	4	NaN	330.550448402146	0.0359852175884949	2	20
22102703	3	DNM	9.31322574615479e-08	0.10633931607008	0.566040239110589	NaN	NaN	353.854705265107	0.0305323630152666	1	23
22102703	4	dnDNM	1.23373527079821	0.413227099180222	0.0252665266394615	3.99951171875	NaN	316.69740885353	0.0348112212527541	2	26
22102703	5	dnDNMExtened	1.49086376279593	0.605225042998791	0.000111797451972984	4	0.951423706114292	313.332313583499	0.034766966280336	2	18
22102704	1	McFadden	26.7668361663818	-0.0676364898681641	NaN	NaN	NaN	369.193587252663	0.0370231668688624	2	11
22102704	2	dnLinear	0.00299072265625	2.76978759765625	NaN	4	NaN	349.078647068275	0.0268610458249945	2	13
22102704	3	DNM	9.31322574615479e-08	-0.050832162052393	0.533869768679142	NaN	NaN	358.201622752316	0.0284829854420422	2	25
22102704	4	dnDNM	9.31322574615479e-10	-0.999999999813736	0.0361133294180036	3.9704373087734	NaN	338.130101662416	0.034162247055261	2	22
22102704	5	dnDNMExtened	4.88758087158203e-06	-0.996575522422791	0.0266506433486938	3.98308420181274	-0.194901585578918	337.906295106302	0.0314692634472536	2	23
22102706	1	McFadden	17.6409912109375	0.16624755859375	NaN	NaN	NaN	346.183762654142	0.0373476753933582	2	11
22102706	2	dnLinear	16.3539428710938	0.223248291015625	NaN	4	NaN	341.935263072229	0.0293922964634661	2	16
22102706	3	DNM	2.11002770811319e-10	0.146089449999272	0.540222361921042	NaN	NaN	320.168249975142	0.0250866700418659	2	22
22102706	4	dnDNM	0.000379916684323689	0.134429773417378	0.553131298744665	0.213110648315705	NaN	320.158745245033	0.0393035593550916	1	34
22102706	5	dnDNMExtened	5.28320670127869e-05	0.147695456445217	0.550409188866615	0.289806246757507	-0.762988756597042	320.095669202044	0.0373134874216319	2	18
22102707	1	McFadden	1.01039260779643	0.140452836641773	NaN	NaN	NaN	223.103856526134	0.0315530735539702	1	24
22102707	2	dnLinear	0.98332589599886	0.149688119936036	NaN	0.452317057584878	NaN	223.057979103919	0.0395512759219539	2	31
22102707	3	DNM	0.332305908203125	0.211968994140625	0.08468017578125	NaN	NaN	221.906700761782	0.0371686123764324	2	11
22102707	4	dnDNM	0.376408934593201	0.153851528465748	0.0812163323163986	0.346356213092804	NaN	221.826989921507	0.030690836925928	1	31
22102707	5	dnDNMExtened	0.12570982699981	0.116017997101881	0.113533158868086	0.169708346773405	3.55605823308579	221.797626074108	0.0354421268444362	2	19
22102709	1	McFadden	10.7156027244619	0.903580845391116	NaN	NaN	NaN	343.199762651142	0.0342833621449252	1	20
22102709	2	dnLinear	10.7820146679878	0.889015305042267	NaN	0	NaN	343.215218242835	0.0311703995296932	2	14
22102709	3	DNM	10.8199276924133	0.916326522827149	0	NaN	NaN	343.193975198967	0.0346160304264433	2	20
22102709	4	dnDNM	10.9375599570085	0.85240536508345	9.98341544800052e-05	0.000924517307794304	NaN	343.21411693401	0.0383515859835728	1	20
22102709	5	dnDNMExtened	11.0516664734417	0.801624088479457	0	2.63514721154934e-08	1.50142882867517	343.238647699727	0.0417460477786284	1	21
22110301	1	McFadden	1.415157943964	0.169885581731796	NaN	NaN	NaN	159.705996789486	0.0472146589188451	2	21
22110301	2	dnLinear	0.512558977934532	0.811315991915763	NaN	1.1590826632455	NaN	144.611958837065	0.0278317253931043	1	31
22110301	3	DNM	3.09228198602796e-11	0.0157380915745307	0.255007339886288	NaN	NaN	130.50721793293	0.0348763713543528	2	28
22110301	4	dnDNM	1.9371509552002e-06	-0.0166899859905243	0.259911614656448	0	NaN	130.537161019011	0.0343094688846773	1	19
22110301	5	dnDNMExtened	9.31322574615479e-10	0.014970228302991	0.25668024198385	0	0.659904597658897	130.533156417891	0.0324942846045689	2	27
22110302	1	McFadden	366.770839214325	-0.349275588989258	NaN	NaN	NaN	358.405629236031	0.0379133510207035	2	13
22110302	2	dnLinear	424.68249130249	-0.541759490966797	NaN	1.06368255615234	NaN	358.295002417295	0.0283777628158463	2	15
22110302	3	DNM	415.0598341156	-0.681429411899444	2.64389280164287	NaN	NaN	358.067265234881	0.0303271945553202	2	15
22110302	4	dnDNM	265.196238370561	-0.644642878472041	2.24437049951184	0.594643264214938	NaN	358.122445344442	0.0270282971581305	1	25
22110302	5	dnDNMExtened	205.132780635264	-0.695134212262929	3.91612264104187	0.128763276152313	-0.0392919041216374	358.007155638087	0.0269468810448414	1	23
22110304	1	McFadden	2.2568359375	0.4251953125	NaN	NaN	NaN	223.516092498157	0.0495025504144864	2	11
22110304	2	dnLinear	2.25831115245819	0.448467910289765	NaN	0.040023148059845	NaN	223.521840453505	0.0353391065120386	1	27
22110304	3	DNM	2.3099849820137	0.406619441509247	0	NaN	NaN	223.535938064614	0.0381113008237046	2	11
22110304	4	dnDNM	2.174121499178	0.409391211002367	0.00618380267405882	0	NaN	223.54485658512	0.0338930161839189	2	37
22110304	5	dnDNMExtened	2.29762268066406	0.363864135742188	0	0.042144775390625	0.436895751953125	223.532177707191	0.043778597506035	1	32
22110305	1	McFadden	0.412463188171387	-0.341786289215088	NaN	NaN	NaN	179.106318265839	0.0417731971936625	2	11
22110305	2	dnLinear	0.382107194396667	-0.545123881497421	NaN	0.152855928055942	NaN	175.41820412399	0.0320236990546108	1	39
22110305	3	DNM	0.123944587878213	-0.345606705244427	0.191911064425949	NaN	NaN	174.167854457735	0.0314284005412422	1	27
22110305	4	dnDNM	0.125804813422633	-0.361091915285988	0.191198288031524	0.0266470786766604	NaN	174.224177133482	0.0264807338604039	1	25
22110305	5	dnDNMExtened	0.152165196835995	-0.325250528752804	0.168436369299889	0.00052817165851593	-0.999873803555966	174.156243464078	0.0253255504474238	1	27
22110307	1	McFadden	2.14158140355721	0.0390315297059715	NaN	NaN	NaN	288.657685620731	0.0309514815787154	2	16
22110307	2	dnLinear	1.9871592123236	0.0542731358262245	NaN	0.294080257765017	NaN	288.712185623201	0.0241363449963619	1	36
22110307	3	DNM	0.729032516479492	0.0445167541503906	0.110822296142578	NaN	NaN	288.776564072858	0.0271164684273071	1	31
22110307	4	dnDNM	4.88758087158203e-06	-0.20945303440094	0.106754779815674	0.8927321434021	NaN	284.958264692269	0.031478712090718	1	18
22110307	5	dnDNMExtened	1.98241323232651e-05	0.6791195015423	0.0587512833997608	1.12765665259212	-0.462506389804185	284.173304195491	0.0337459210397777	1	26
22110308	1	McFadden	1.24587572611881	1.91751254192966	NaN	NaN	NaN	193.018347104394	0.0414878461362412	2	21
22110308	2	dnLinear	1.21852038777433	1.83101502107456	NaN	0.00135032297112048	NaN	193.111611791197	0.0592566828080449	2	24
22110308	3	DNM	0.00299072265625	1.7014404296875	0.067462158203125	NaN	NaN	182.475013014891	0.0276905120312057	1	21
22110308	4	dnDNM	1.9371509552002e-06	1.39306735992432	0.0785326302051544	2.56896018981934e-05	NaN	182.504627862136	0.0247803124643836	1	23
22110308	5	dnDNMExtened	1.66893005371094e-05	1.84513273239136	0.0645281791687011	0	-0.999999809265137	182.464625320525	0.0341789798960676	2	19
22110309	1	McFadden	0.663053931782031	0.974983164766519	NaN	NaN	NaN	146.033717156855	0.0254991719296746	1	29
22110309	2	dnLinear	0.658508136784071	0.982088080635904	NaN	0.084655822958382	NaN	146.046815054674	0.0262844599139127	1	23
22110309	3	DNM	0.6616222033295	0.970408201253268	1.26206507644611e-06	NaN	NaN	146.046217799469	0.0277328051308958	1	28
22110309	4	dnDNM	0.672997951507568	0.941337442398071	0	0	NaN	146.065638895166	0.0215041082203369	2	20
22110309	5	dnDNMExtened	0.660865783691406	0.963363742828369	0	0.0765285491943359	1.55659284591675	146.044749561743	0.0229822860327925	2	23
